	masse_B
t	x	y	θr	θv	θa
0.000000E0	-8.213681E-2	-5.457010E-1	-9.855969E1	0.000000E0	0.000000E0
3.333333E-2	-8.344167E-2	-5.454613E-1	-9.869737E1	1.735811E2	0.000000E0 
6.666667E-2	-8.399855E-2	-5.454915E-1	-9.875404E1	-1.713301E2	-1.806658E1
1.000000E-1	-8.396054E-2	-5.455405E-1	-9.874937E1	-4.891922E1	-2.252672E1
1.333333E-1	-8.362066E-2	-5.459250E-1	-9.870845E1	-3.895627E1	-2.486568E1
1.666667E-1	-8.294589E-2	-5.463608E-1	-9.863245E1	-3.045390E1	-1.499782E1
2.000000E-1	-8.196309E-2	-5.468996E-1	-9.852340E1	-2.656201E1	-6.352736E0
2.333333E-1	-8.053779E-2	-5.475647E-1	-9.836728E1	-2.039363E1	2.012418E-1
2.666667E-1	-7.878155E-2	-5.480824E-1	-9.817969E1	-1.944919E1	1.156092E2
3.000000E-1	-7.734344E-2	-5.486927E-1	-9.802352E1	-2.065890E1	1.492378E2
3.333333E-1	-7.581143E-2	-5.492023E-1	-9.785939E1	-1.742586E1	1.476910E2
3.666667E-1	-7.431629E-2	-5.496429E-1	-9.770017E1	-1.782783E1	-1.699655E2
4.000000E-1	-7.329774E-2	-5.500107E-1	-9.759085E1	-2.405095E1	1.479873E2
4.333333E-1	-7.205834E-2	-5.506506E-1	-9.745538E1	-1.485245E1	1.508851E2
4.666667E-1	-7.136406E-2	-5.505235E-1	-9.738603E1	-7.444162E0	1.735406E2
5.000000E-1	-7.092875E-2	-5.507982E-1	-9.733785E1	-3.751062E1	-1.583877E2
5.333333E-1	-7.058561E-2	-5.511210E-1	-9.729850E1	-6.148353E1	1.583858E2
5.666667E-1	-7.066008E-2	-5.512927E-1	-9.730387E1	-1.407876E2	1.615978E2
6.000000E-1	-7.083000E-2	-5.513204E-1	-9.732088E1	-1.513357E2	1.593387E2
6.333333E-1	-7.105702E-2	-5.515097E-1	-9.734160E1	-1.555550E2	1.432798E2
6.666667E-1	-7.129059E-2	-5.515298E-1	-9.736520E1	1.720581E2	1.047912E2
7.000000E-1	-7.176773E-2	-5.514105E-1	-9.741553E1	1.686865E2	-1.327094E1
7.333333E-1	-7.194437E-2	-5.513990E-1	-9.743373E1	-1.758365E2	-2.098965E1
7.666667E-1	-7.204938E-2	-5.514310E-1	-9.744404E1	-1.643802E2	1.398918E0
8.000000E-1	-7.213744E-2	-5.514530E-1	-9.745274E1	-1.544126E2	1.443987E1
8.333333E-1	-7.206877E-2	-5.514403E-1	-9.744589E1	1.126105E1	-4.249150E0
8.666667E-1	-7.201558E-2	-5.514287E-1	-9.744061E1	-8.716204E0	-6.341371E1
9.000000E-1	-7.191879E-2	-5.514633E-1	-9.743026E1	-1.951732E1	7.486044E0
9.333333E-1	-7.184022E-2	-5.514909E-1	-9.742187E1	1.239259E0	1.965022E1
9.666667E-1	-7.157254E-2	-5.514558E-1	-9.739499E1	6.851359E0	-9.200483E1
1.000000E0	-7.130331E-2	-5.514264E-1	-9.736786E1	-2.367491E1	-8.834992E1
1.033333E0	-7.123092E-2	-5.516056E-1	-9.735810E1	-2.397395E1	1.866797E1
1.066667E0	-7.086029E-2	-5.516234E-1	-9.732000E1	-3.067710E0	9.239869E1
1.100000E0	-7.063094E-2	-5.516377E-1	-9.729637E1	1.093736E1	1.569406E2
1.133333E0	-7.049902E-2	-5.515536E-1	-9.728399E1	3.297455E1	1.763650E2
1.166667E0	-7.039659E-2	-5.514857E-1	-9.727441E1	4.690305E1	-1.545368E2
1.200000E0	-7.042514E-2	-5.514746E-1	-9.727747E1	1.578611E2	-9.718117E1
1.233333E0	-7.044558E-2	-5.514658E-1	-9.727968E1	-6.242284E1	-5.896794E1
1.266667E0	-7.037025E-2	-5.515797E-1	-9.727049E1	-6.088950E1	-3.386933E1
1.300000E0	-7.012199E-2	-5.520469E-1	-9.723905E1	-3.979663E1	-2.228869E1
1.333333E0	-6.921579E-2	-5.525414E-1	-9.714014E1	-2.938336E1	-5.896662E0
1.366667E0	-6.798543E-2	-5.532500E-1	-9.700560E1	-2.476596E1	3.215997E1
1.400000E0	-6.661070E-2	-5.537433E-1	-9.685925E1	-2.023092E1	1.253669E2
1.433333E0	-6.549450E-2	-5.541680E-1	-9.674025E1	-2.139142E1	1.645254E2
1.466667E0	-6.432927E-2	-5.546370E-1	-9.661586E1	-2.146548E1	1.738603E2
1.500000E0	-6.339993E-2	-5.549916E-1	-9.651698E1	-2.286530E1	1.710977E2
1.533333E0	-6.240714E-2	-5.554475E-1	-9.641057E1	-2.441598E1	1.550638E2
1.566667E0	-6.157967E-2	-5.558179E-1	-9.632208E1	-2.170260E1	1.676935E2
1.600000E0	-6.110083E-2	-5.559674E-1	-9.627164E1	-3.294299E1	1.610849E2
1.633333E0	-6.074958E-2	-5.563558E-1	-9.623155E1	-3.523523E1	1.410339E2
1.666667E0	-6.051357E-2	-5.563822E-1	-9.620724E1	-8.301211E0	1.327322E2
1.700000E0	-6.034551E-2	-5.564148E-1	-9.618977E1	-2.327033E1	-1.516989E2
1.733333E0	-6.023605E-2	-5.565016E-1	-9.617768E1	-4.131955E1	1.690821E2
1.766667E0	-6.014241E-2	-5.565933E-1	-9.616714E1	-8.297471E1	1.488123E2
1.800000E0	-6.022724E-2	-5.565731E-1	-9.617599E1	1.664737E2	1.125548E2
1.833333E0	-6.028948E-2	-5.565579E-1	-9.618249E1	1.167364E2	4.111298E1
1.866667E0	-6.028788E-2	-5.564527E-1	-9.618349E1	8.907568E1	-2.338001E1
1.900000E0	-6.028651E-2	-5.563744E-1	-9.618421E1	7.883387E1	-8.481290E1
1.933333E0	-6.027321E-2	-5.563784E-1	-9.618282E1	-2.481525E1	-5.456675E1
1.966667E0	-6.026370E-2	-5.563850E-1	-9.618178E1	-3.514608E1	-3.797111E1
2.000000E0	-6.014355E-2	-5.564697E-1	-9.616861E1	-3.509967E1	1.547389E2
2.033333E0	-6.011748E-2	-5.564877E-1	-9.616576E1	-4.025545E1	1.777075E2
2.066667E0	-6.009296E-2	-5.565125E-1	-9.616299E1	-1.304456E2	-6.556955E1
2.100000E0	-6.020017E-2	-5.565848E-1	-9.617311E1	-8.330196E1	-1.513184E2
2.133333E0	-6.007710E-2	-5.566476E-1	-9.615990E1	-1.439620E2	-1.738128E2
2.166667E0	-6.081010E-2	-5.570285E-1	-9.623024E1	-1.656925E2	1.745470E2
2.200000E0	-6.177808E-2	-5.570814E-1	-9.632801E1	-1.777259E2	1.624096E2
2.233333E0	-6.339369E-2	-5.571311E-1	-9.649153E1	1.774279E2	1.683063E2
2.266667E0	-6.572538E-2	-5.569041E-1	-9.673087E1	1.740215E2	1.661883E2
2.300000E0	-6.899875E-2	-5.565441E-1	-9.706730E1	1.729027E2	1.608365E2
2.333333E0	-7.266768E-2	-5.560398E-1	-9.744567E1	1.694667E2	1.602409E2
2.366667E0	-7.739975E-2	-5.549820E-1	-9.793946E1	1.681303E2	1.681828E2
2.400000E0	-8.302553E-2	-5.538627E-1	-9.852531E1	1.692948E2	1.699914E2
2.433333E0	-9.020038E-2	-5.525621E-1	-9.927120E1	1.689001E2	1.598910E2
2.466667E0	-9.839998E-2	-5.508464E-1	-1.001282E2	1.664197E2	1.544814E2
2.500000E0	-1.082374E-1	-5.482051E-1	-1.011688E2	1.646220E2	1.552378E2
2.533333E0	-1.194100E-1	-5.450680E-1	-1.023568E2	1.634946E2	1.576034E2
2.566667E0	-1.326258E-1	-5.409784E-1	-1.037749E2	1.625691E2	1.488612E2
2.600000E0	-1.481948E-1	-5.360303E-1	-1.054544E2	1.602455E2	1.366061E2
2.633333E0	-1.644145E-1	-5.295623E-1	-1.072481E2	1.572747E2	1.371940E2
2.666667E0	-1.818520E-1	-5.219337E-1	-1.092093E2	1.556819E2	1.358021E2
2.700000E0	-2.023864E-1	-5.124029E-1	-1.115528E2	1.537681E2	1.099515E2
2.733333E0	-2.218530E-1	-5.022231E-1	-1.138331E2	1.504655E2	8.329922E1
2.766667E0	-2.415277E-1	-4.902267E-1	-1.162288E2	1.480222E2	1.091460E2
2.800000E0	-2.614743E-1	-4.774863E-1	-1.187054E2	1.453706E2	8.679046E1
2.833333E0	-2.828952E-1	-4.616578E-1	-1.214992E2	1.424843E2	7.090365E1
2.866667E0	-3.015798E-1	-4.466948E-1	-1.240247E2	1.396014E2	4.296658E1
2.900000E0	-3.213156E-1	-4.289611E-1	-1.268352E2	1.372745E2	5.986298E1
2.933333E0	-3.393269E-1	-4.118316E-1	-1.294867E2	1.347625E2	2.476631E1
2.966667E0	-3.568685E-1	-3.931122E-1	-1.322333E2	1.320744E2	2.637439E1
3.000000E0	-3.730823E-1	-3.744403E-1	-1.348959E2	1.289412E2	2.391921E1
3.033333E0	-3.875172E-1	-3.551846E-1	-1.374927E2	1.261964E2	3.164155E1
3.066667E0	-4.019547E-1	-3.349858E-1	-1.401924E2	1.245660E2	2.314741E0
3.100000E0	-4.152233E-1	-3.149714E-1	-1.428175E2	1.218130E2	-1.616233E1
3.133333E0	-4.264674E-1	-2.954709E-1	-1.452845E2	1.192334E2	-7.352396E0
3.166667E0	-4.367460E-1	-2.765138E-1	-1.476612E2	1.181061E2	8.793016E0
3.200000E0	-4.471994E-1	-2.566532E-1	-1.501480E2	1.158934E2	4.396437E1
3.233333E0	-4.558239E-1	-2.372128E-1	-1.525073E2	1.125155E2	4.339570E1
3.266667E0	-4.642926E-1	-2.154180E-1	-1.551101E2	1.100156E2	4.104585E1
3.300000E0	-4.716593E-1	-1.937424E-1	-1.576687E2	1.067649E2	3.431527E1
3.333333E0	-4.775567E-1	-1.713881E-1	-1.602577E2	1.040337E2	1.367432E1
3.366667E0	-4.832145E-1	-1.475127E-1	-1.630239E2	1.011015E2	2.022196E1
3.400000E0	-4.865439E-1	-1.255862E-1	-1.655268E2	9.676055E1	1.739182E1
3.433333E0	-4.887895E-1	-1.004835E-1	-1.683832E2	9.323988E1	1.998495E1
3.466667E0	-4.893269E-1	-7.642258E-2	-1.711233E2	8.918918E1	-2.549377E0
3.500000E0	-4.881035E-1	-5.200883E-2	-1.739179E2	8.466821E1	6.334268E0
3.533333E0	-4.847491E-1	-2.737102E-2	-1.767683E2	8.019755E1	-2.058248E1
3.566667E0	-4.795791E-1	-2.670344E-3	-1.796810E2	7.541804E1	-3.357196E1
3.600000E0	-4.726286E-1	1.922040E-2	1.776712E2	7.080303E1	-3.524244E1
3.633333E0	-4.642552E-1	4.134128E-2	1.749113E2	6.742108E1	-4.654149E1
3.666667E0	-4.547032E-1	6.232817E-2	1.721949E2	6.247120E1	-5.803069E1
3.700000E0	-4.439999E-1	8.020366E-2	1.697606E2	5.778701E1	-6.739331E1
3.733333E0	-4.323809E-1	9.775758E-2	1.672601E2	5.476697E1	-8.229314E1
3.766667E0	-4.208310E-1	1.130076E-1	1.649687E2	5.119472E1	-7.734141E1
3.800000E0	-4.093330E-1	1.264179E-1	1.628373E2	4.721585E1	-7.190097E1
3.833333E0	-3.964448E-1	1.393569E-1	1.606326E2	4.297646E1	-9.267102E1
3.866667E0	-3.840111E-1	1.500116E-1	1.586622E2	4.098377E1	-1.109845E2
3.900000E0	-3.724910E-1	1.601677E-1	1.567327E2	3.958516E1	-9.104640E1
3.933333E0	-3.607103E-1	1.692775E-1	1.548598E2	3.552057E1	-6.644642E1
3.966667E0	-3.484641E-1	1.773189E-1	1.530304E2	3.052440E1	-7.226666E1
4.000000E0	-3.354928E-1	1.841462E-1	1.512384E2	2.623304E1	-7.611043E1
4.033333E0	-3.228245E-1	1.899535E-1	1.495270E2	2.347042E1	-1.014767E2
4.066667E0	-3.096508E-1	1.953668E-1	1.477511E2	2.209623E1	-9.593624E1
4.100000E0	-2.973583E-1	2.002924E-1	1.460369E2	1.947856E1	-8.352954E1
4.133333E0	-2.844645E-1	2.042751E-1	1.443177E2	1.490932E1	-9.718225E1
4.166667E0	-2.712604E-1	2.072410E-1	1.426204E2	1.171827E1	-1.187795E2
4.200000E0	-2.595297E-1	2.094471E-1	1.410956E2	8.406676E0	-1.102196E2
4.233333E0	-2.475855E-1	2.107398E-1	1.395962E2	3.239059E0	-1.061208E2
4.266667E0	-2.357288E-1	2.107941E-1	1.381962E2	-7.940175E-2	-1.182576E2
4.300000E0	-2.247958E-1	2.107082E-1	1.368527E2	-2.863234E0	-1.038298E2
4.333333E0	-2.136691E-1	2.096908E-1	1.355384E2	-6.005931E0	-1.272231E2
4.366667E0	-2.023677E-1	2.083486E-1	1.341657E2	-7.779311E0	-1.524694E2
4.400000E0	-1.927334E-1	2.068306E-1	1.329794E2	-1.087918E1	-1.371721E2
4.433333E0	-1.831599E-1	2.046570E-1	1.318273E2	-1.472559E1	-1.174216E2
4.466667E0	-1.737666E-1	2.018457E-1	1.307248E2	-1.752275E1	-1.378374E2
4.500000E0	-1.649452E-1	1.989060E-1	1.296676E2	-1.976764E1	-1.654389E2
4.533333E0	-1.564017E-1	1.956050E-1	1.286451E2	-2.108989E1	1.778749E2
4.566667E0	-1.484802E-1	1.925560E-1	1.276359E2	-2.190934E1	1.695133E2
4.600000E0	-1.413859E-1	1.895659E-1	1.267171E2	-2.346251E1	-1.783718E2
4.633333E0	-1.350253E-1	1.867161E-1	1.258729E2	-2.593952E1	1.710885E2
4.666667E0	-1.289835E-1	1.835331E-1	1.250988E2	-2.721070E1	1.675166E2
4.700000E0	-1.240512E-1	1.810736E-1	1.244145E2	-2.997348E1	1.624886E2
4.733333E0	-1.204056E-1	1.785859E-1	1.239885E2	-3.406666E1	1.525022E2
4.766667E0	-1.174052E-1	1.765795E-1	1.236194E2	-3.062352E1	1.152810E2
4.800000E0	-1.146741E-1	1.751931E-1	1.232071E2	-2.459886E1	9.440592E1
4.833333E0	-1.116188E-1	1.739305E-1	1.226901E2	-2.422439E1	-7.574052E0
4.866667E0	-1.088347E-1	1.725658E-1	1.222390E2	-2.450654E1	-1.492005E2
4.900000E0	-1.055837E-1	1.711793E-1	1.216664E2	-2.603802E1	1.670776E2
4.933333E0	-1.030649E-1	1.697469E-1	1.212648E2	-2.926145E1	1.704065E2
4.966667E0	-1.011302E-1	1.686840E-1	1.209437E2	-3.484771E1	1.499802E2
5.000000E0	-9.982484E-2	1.674910E-1	1.207950E2	-3.290221E1	1.391648E2
5.033333E0	-9.868904E-2	1.671047E-1	1.205653E2	-1.774691E1	1.478884E2
5.066667E0	-9.821813E-2	1.669768E-1	1.204646E2	-1.711514E2	1.682349E2
5.100000E0	-9.885086E-2	1.670795E-1	1.206102E2	1.751979E2	-1.606048E2
5.133333E0	-9.966061E-2	1.670980E-1	1.208127E2	-1.615985E2	-4.445969E1
5.166667E0	-9.992779E-2	1.667212E-1	1.209372E2	-1.368729E2	-1.955009E1
5.200000E0	-1.002997E-1	1.664994E-1	1.210649E2	-1.448709E2	1.257788E2
5.233333E0	-1.005718E-1	1.662681E-1	1.211688E2	-1.788432E2	1.452368E2
5.266667E0	-1.013090E-1	1.664790E-1	1.213222E2	1.682225E2	1.668504E2
5.300000E0	-1.023026E-1	1.666290E-1	1.215480E2	1.733149E2	-1.709608E2
5.333333E0	-1.040287E-1	1.667978E-1	1.219510E2	1.782638E2	1.772370E2
5.366667E0	-1.060192E-1	1.667416E-1	1.224494E2	1.763506E2	1.693739E2
5.400000E0	-1.084530E-1	1.670799E-1	1.229879E2	1.735329E2	1.522450E2
5.433333E0	-1.117956E-1	1.673964E-1	1.237370E2	1.677075E2	1.547867E2
5.466667E0	-1.158997E-1	1.687026E-1	1.244893E2	1.639286E2	1.629159E2
5.500000E0	-1.213683E-1	1.701542E-1	1.254997E2	1.661920E2	1.625746E2
5.533333E0	-1.289420E-1	1.719080E-1	1.268723E2	1.639913E2	1.614578E2
5.566667E0	-1.371714E-1	1.746883E-1	1.281403E2	1.636640E2	1.787468E2
5.600000E0	-1.470419E-1	1.772131E-1	1.296841E2	1.680519E2	-1.645732E2
5.633333E0	-1.584783E-1	1.791970E-1	1.314889E2	1.712850E2	-1.593016E2
5.666667E0	-1.709107E-1	1.808719E-1	1.333780E2	1.735280E2	-1.528397E2
5.700000E0	-1.841113E-1	1.821049E-1	1.353139E2	1.766833E2	-1.440855E2
5.733333E0	-1.987228E-1	1.824837E-1	1.374393E2	-1.798639E2	-1.371906E2
5.766667E0	-2.139729E-1	1.820339E-1	1.396111E2	-1.765232E2	-1.283199E2
5.800000E0	-2.302123E-1	1.805705E-1	1.418906E2	-1.728109E2	-1.221218E2
5.833333E0	-2.471832E-1	1.778449E-1	1.442655E2	-1.691347E2	-1.092983E2
5.866667E0	-2.646161E-1	1.739670E-1	1.466778E2	-1.646660E2	-1.075878E2
5.900000E0	-2.823306E-1	1.682072E-1	1.492143E2	-1.601243E2	-9.573519E1
5.933333E0	-3.009307E-1	1.608387E-1	1.518768E2	-1.559640E2	-7.312527E1
5.966667E0	-3.184918E-1	1.520800E-1	1.544755E2	-1.506034E2	-7.606082E1
6.000000E0	-3.350825E-1	1.415978E-1	1.570922E2	-1.452421E2	-8.652592E1
6.033333E0	-3.525231E-1	1.284647E-1	1.599775E2	-1.402859E2	-7.711052E1
6.066667E0	-3.691880E-1	1.132687E-1	1.629437E2	-1.332819E2	-7.406134E1
6.100000E0	-3.841271E-1	9.490609E-2	1.661219E2	-1.284460E2	-7.037150E1
6.133333E0	-3.999186E-1	7.456027E-2	1.694391E2	-1.252111E2	-7.234606E1
6.166667E0	-4.135899E-1	5.315713E-2	1.726761E2	-1.189385E2	-7.079601E1
6.200000E0	-4.266753E-1	2.616748E-2	1.764905E2	-1.162109E2	-4.955693E1
6.233333E0	-4.397590E-1	0.000000E0	1.800000E2	-1.120679E2	-1.494389E1
6.266667E0	-4.484815E-1	-2.762123E-2	-1.764757E2	-1.088861E2	-1.998311E1
6.300000E0	-4.586578E-1	-5.524246E-2	-1.731322E2	-1.043814E2	-1.735402E1
6.333333E0	-4.630190E-1	-8.431743E-2	-1.696793E2	-9.418492E1	3.814075E0
6.366667E0	-4.630190E-1	-1.148462E-1	-1.660696E2	-9.146880E1	3.247119E1
6.400000E0	-4.644728E-1	-1.410136E-1	-1.631117E2	-8.682017E1	9.462322E0
6.433333E0	-4.601115E-1	-1.671811E-1	-1.600314E2	-7.956252E1	-1.998311E1
6.466667E0	-4.542965E-1	-1.962561E-1	-1.566357E2	-7.840782E1	3.200538E1
6.500000E0	-4.484815E-1	-2.238773E-1	-1.534721E2	-7.255281E1	5.752881E1
6.533333E0	-4.383053E-1	-2.471373E-1	-1.505836E2	-6.789055E1	2.974488E1
6.566667E0	-4.295828E-1	-2.703973E-1	-1.478120E2	-6.701128E1	-5.710593E0
6.600000E0	-4.179528E-1	-2.951110E-1	-1.447746E2	-6.006849E1	2.319859E1
6.633333E0	-4.019616E-1	-3.183710E-1	-1.416192E2	-5.849573E1	4.500000E1
6.666667E0	-3.903316E-1	-3.401772E-1	-1.389276E2	-5.849573E1	-3.814075E0
6.700000E0	-3.743403E-1	-3.634372E-1	-1.358467E2	-4.881407E1	-2.261986E1
6.733333E0	-3.496266E-1	-3.866972E-1	-1.321178E2	-4.663658E1	-3.096376E1
6.766667E0	-3.249129E-1	-4.157722E-1	-1.280065E2	-4.827049E1	1.843495E1
6.800000E0	-3.016529E-1	-4.404859E-1	-1.244041E2	-4.416968E1	5.500798E1
6.833333E0	-2.740317E-1	-4.651996E-1	-1.205007E2	-4.010091E1	3.369007E1
6.866667E0	-2.464104E-1	-4.870059E-1	-1.168380E2	-3.527242E1	4.091438E1
6.900000E0	-2.144280E-1	-5.073584E-1	-1.129107E2	-2.800918E1	1.183008E2
6.933333E0	-1.780842E-1	-5.233496E-1	-1.087923E2	-2.830076E1	1.300303E2
6.966667E0	-1.577318E-1	-5.378871E-1	-1.063434E2	-2.116126E1	1.298056E2
7.000000E0	-1.330180E-1	-5.407946E-1	-1.038186E2	-1.362699E1	1.165651E2
7.033333E0	-1.097580E-1	-5.495171E-1	-1.012954E2	-1.781889E1	1.768202E2
7.066667E0	-9.231305E-2	-5.538783E-1	-9.946232E1	-1.525512E1	1.509454E2
7.100000E0	-7.777556E-2	-5.582396E-1	-9.793156E1	-1.252881E1	1.431301E2
7.133333E0	-6.614557E-2	-5.596933E-1	-9.674006E1	-6.709837E0	1.581986E2
7.166667E0	-5.306183E-2	-5.611471E-1	-9.540180E1	-5.194429E0	1.647449E2
7.200000E0	-5.015434E-2	-5.611471E-1	-9.510742E1	0.000000E0	1.657292E2
7.233333E0	-4.143184E-2	-5.611471E-1	-9.422273E1	4.006666E0	1.769508E2
7.266667E0	-3.981759E-2	-5.604230E-1	-9.406399E1	2.183745E1	-1.778575E2
7.300000E0	-3.968689E-2	-5.604478E-1	-9.405051E1	-1.694739E2	-1.645904E2
7.333333E0	-3.988047E-2	-5.604347E-1	-9.407030E1	1.765014E2	1.557223E2
7.366667E0	-4.052402E-2	-5.603966E-1	-9.413604E1	1.600863E2	1.596429E2
7.400000E0	-4.133365E-2	-5.599083E-1	-9.422204E1	1.613071E2	-1.749295E2
7.433333E0	-4.251526E-2	-5.597229E-1	-9.434371E1	1.749611E2	-1.701066E2
7.466667E0	-4.427536E-2	-5.596489E-1	-9.452341E1	1.727272E2	1.316803E2
7.500000E0	-4.587843E-2	-5.592937E-1	-9.468943E1	1.701881E2	5.514559E1
7.533333E0	-4.723874E-2	-5.591364E-1	-9.482918E1	1.691245E2	8.303220E1
7.566667E0	-4.894050E-2	-5.587054E-1	-9.500612E1	1.556926E2	6.670658E1
7.600000E0	-5.028409E-2	-5.577609E-1	-9.515149E1	1.569399E2	-4.130957E1
7.633333E0	-5.168440E-2	-5.575373E-1	-9.529625E1	1.660997E2	-7.935983E1
7.666667E0	-5.295488E-2	-5.570999E-1	-9.542991E1	1.562650E2	3.103683E1
7.700000E0	-5.434351E-2	-5.563681E-1	-9.557870E1	1.589439E2	-3.941869E1
7.733333E0	-5.543873E-2	-5.561437E-1	-9.569268E1	1.641393E2	-1.016709E2
7.766667E0	-5.648097E-2	-5.557608E-1	-9.580294E1	1.685146E2	-1.544571E2
7.800000E0	-5.800239E-2	-5.556228E-1	-9.595962E1	1.749635E2	-6.825508E1
7.833333E0	-5.934450E-2	-5.555084E-1	-9.609773E1	-1.793633E2	-9.688124E0
7.866667E0	-6.026333E-2	-5.556479E-1	-9.618987E1	-1.737553E2	-7.797720E0
7.900000E0	-6.051276E-2	-5.556363E-1	-9.621542E1	-8.716263E1	-6.582787E0
7.933333E0	-6.025268E-2	-5.558627E-1	-9.618642E1	-3.759156E1	-1.745010E1
7.966667E0	-5.997446E-2	-5.560507E-1	-9.615600E1	-3.028846E1	-8.041913E0
8.000000E0	-5.955064E-2	-5.562728E-1	-9.611041E1	-2.698865E1	1.636245E1
8.033333E0	-5.903657E-2	-5.565283E-1	-9.605530E1	-9.499005E0	5.016368E1
8.066667E0	-5.814877E-2	-5.565073E-1	-9.596512E1	-3.658069E0	1.651301E2
8.100000E0	-5.770000E-2	-5.566138E-1	-9.591829E1	-1.300906E1	-1.792268E2
8.133333E0	-5.769509E-2	-5.566121E-1	-9.591780E1	-1.628319E2	1.669460E2
8.166667E0	-5.785721E-2	-5.566623E-1	-9.593378E1	1.759004E2	1.183631E2
8.200000E0	-5.797544E-2	-5.565920E-1	-9.594657E1	1.458065E2	2.656270E1
8.233333E0	-5.806089E-2	-5.565240E-1	-9.595599E1	1.455302E2	-6.409792E0
8.266667E0	-5.810267E-2	-5.565047E-1	-9.596045E1	2.427121E1	-6.160243E0
8.300000E0	-5.789481E-2	-5.564491E-1	-9.593987E1	1.181084E1	-1.513743E2
8.333333E0	-5.777065E-2	-5.564353E-1	-9.592737E1	-1.448966E2	-1.628264E2
8.366667E0	-5.798283E-2	-5.565109E-1	-9.594818E1	-1.583843E2	1.564642E2
8.400000E0	-5.806821E-2	-5.565532E-1	-9.595643E1	1.621975E2	1.389116E2
8.433333E0	-5.847105E-2	-5.563542E-1	-9.599958E1	1.575245E2	1.354836E2
8.466667E0	-5.893049E-2	-5.561964E-1	-9.604808E1	1.530919E2	-1.691903E2
8.500000E0	-5.925242E-2	-5.559576E-1	-9.608346E1	1.655500E2	-1.294408E2
8.533333E0	-6.015378E-2	-5.558812E-1	-9.617614E1	1.734926E2	-2.551557E1
8.566667E0	-6.046878E-2	-5.558189E-1	-9.620892E1	1.751641E2	-1.807385E1
8.600000E0	-6.049948E-2	-5.558520E-1	-9.621168E1	-8.740896E1	-4.087012E1
8.633333E0	-6.045686E-2	-5.560823E-1	-9.620478E1	-8.649496E1	7.911286E0
8.666667E0	-6.047769E-2	-5.562076E-1	-9.620552E1	-1.871840E1	3.666373E1
8.700000E0	-6.002120E-2	-5.562299E-1	-9.615880E1	-3.268660E0	5.785742E0
8.733333E0	-5.985634E-2	-5.562431E-1	-9.614186E1	-1.058526E1	-9.440881E1
8.766667E0	-5.942297E-2	-5.563417E-1	-9.609666E1	-1.220302E1	-7.581512E1
8.800000E0	-5.910719E-2	-5.564051E-1	-9.606382E1	-3.124423E1	2.748924E1
8.833333E0	-5.881395E-2	-5.567112E-1	-9.603066E1	-9.517127E0	8.402556E1
8.866667E0	-5.813724E-2	-5.565677E-1	-9.596330E1	1.535885E1	1.449592E2
8.900000E0	-5.797391E-2	-5.564805E-1	-9.594760E1	2.369596E1	-1.757413E2
8.933333E0	-5.786582E-2	-5.564486E-1	-9.593692E1	1.590771E2	-1.777735E2
8.966667E0	-5.828597E-2	-5.563612E-1	-9.598065E1	1.683435E2	1.540387E2
9.000000E0	-5.846386E-2	-5.563252E-1	-9.599916E1	1.539681E2	1.064813E1
9.033333E0	-5.867464E-2	-5.561713E-1	-9.602228E1	1.469703E2	1.511066E2
9.066667E0	-5.881927E-2	-5.560941E-1	-9.603785E1	1.557281E2	-1.598822E2
9.100000E0	-5.911817E-2	-5.559713E-1	-9.606963E1	1.797645E2	-1.573121E2
9.133333E0	-5.993247E-2	-5.560896E-1	-9.615130E1	-1.734955E2	-1.896904E1
9.166667E0	-6.034368E-2	-5.561110E-1	-9.619294E1	-1.721741E2	1.714294E1
9.200000E0	-6.047364E-2	-5.561640E-1	-9.620559E1	1.556626E2	1.626128E2
9.233333E0	-6.057923E-2	-5.560045E-1	-9.621811E1	1.713192E2	-1.737971E2
9.266667E0	-6.130778E-2	-5.560366E-1	-9.629193E1	-1.776475E2	-7.315476E1
9.300000E0	-6.161797E-2	-5.560472E-1	-9.632339E1	-1.684371E2	1.335018E1
9.333333E0	-6.185691E-2	-5.561489E-1	-9.634656E1	1.729182E2	1.770836E2
9.366667E0	-6.203226E-2	-5.559957E-1	-9.636614E1	1.775396E2	1.714168E2
9.400000E0	-6.326142E-2	-5.560886E-1	-9.649015E1	1.776691E2	1.749337E2
9.433333E0	-6.397049E-2	-5.559168E-1	-9.656427E1	1.729480E2	1.744386E2
9.466667E0	-6.586398E-2	-5.557666E-1	-9.675861E1	1.766411E2	1.728437E2
9.500000E0	-6.858031E-2	-5.556463E-1	-9.703611E1	1.734296E2	1.633239E2
9.533333E0	-7.274196E-2	-5.549744E-1	-9.746734E1	1.694313E2	1.512886E2
9.566667E0	-7.788390E-2	-5.539104E-1	-9.800374E1	1.644033E2	1.579757E2
9.600000E0	-8.408792E-2	-5.518073E-1	-9.866444E1	1.643414E2	1.671789E2
9.633333E0	-9.175455E-2	-5.500224E-1	-9.947085E1	1.663027E2	1.642543E2
9.666667E0	-1.001637E-1	-5.478892E-1	-1.003603E2	1.641128E2	1.352866E2
9.700000E0	-1.092391E-1	-5.450460E-1	-1.013332E2	1.617330E2	1.292391E2
9.733333E0	-1.183047E-1	-5.419012E-1	-1.023153E2	1.601165E2	1.540693E2
9.766667E0	-1.281037E-1	-5.382232E-1	-1.033880E2	1.603653E2	1.609098E2
9.800000E0	-1.395024E-1	-5.343386E-1	-1.046319E2	1.606440E2	1.507990E2
9.833333E0	-1.512393E-1	-5.300959E-1	-1.059237E2	1.591552E2	1.369125E2
9.866667E0	-1.630802E-1	-5.253612E-1	-1.072451E2	1.577242E2	1.370794E2
9.900000E0	-1.765672E-1	-5.197207E-1	-1.087644E2	1.555308E2	1.348749E2
9.933333E0	-1.910062E-1	-5.126527E-1	-1.104346E2	1.527924E2	1.266001E2
9.966667E0	-2.068110E-1	-5.041723E-1	-1.123034E2	1.509222E2	1.270030E2
1.000000E1	-2.227707E-1	-4.949889E-1	-1.142302E2	1.485301E2	1.249713E2
1.003333E1	-2.408523E-1	-4.833364E-1	-1.164876E2	1.464785E2	1.154219E2
1.006667E1	-2.593057E-1	-4.707873E-1	-1.188456E2	1.436451E2	9.003072E1
1.010000E1	-2.779370E-1	-4.560402E-1	-1.213605E2	1.402304E2	8.195034E1
1.013333E1	-2.959323E-1	-4.403040E-1	-1.239054E2	1.368041E2	7.652478E1
1.016667E1	-3.138634E-1	-4.223079E-1	-1.266201E2	1.336060E2	7.098610E1
1.020000E1	-3.312236E-1	-4.032522E-1	-1.293990E2	1.312623E2	6.038061E1
1.023333E1	-3.479306E-1	-3.834785E-1	-1.322175E2	1.281845E2	5.105090E1
1.026667E1	-3.638632E-1	-3.617517E-1	-1.351667E2	1.236832E2	4.034698E1
1.030000E1	-3.776920E-1	-3.388247E-1	-1.381050E2	1.202971E2	1.526220E-1
1.033333E1	-3.907801E-1	-3.156835E-1	-1.410677E2	1.179591E2	-3.328412E0
1.036667E1	-4.014588E-1	-2.940488E-1	-1.437791E2	1.144679E2	2.985098E0
1.040000E1	-4.112623E-1	-2.706727E-1	-1.466490E2	1.122064E2	-1.924212E1
1.043333E1	-4.201907E-1	-2.481624E-1	-1.494341E2	1.095054E2	-3.253461E1
1.046667E1	-4.264527E-1	-2.277893E-1	-1.518911E2	1.060201E2	-2.258912E1
1.050000E1	-4.320431E-1	-2.068827E-1	-1.544127E2	1.037445E2	1.101852E1
1.053333E1	-4.365199E-1	-1.866308E-1	-1.568512E2	1.013743E2	9.651984E0
1.056667E1	-4.403967E-1	-1.653574E-1	-1.594202E2	9.884271E1	7.729440E-1
1.060000E1	-4.430871E-1	-1.444174E-1	-1.619474E2	9.576431E1	-1.091971E1
1.063333E1	-4.445766E-1	-1.239506E-1	-1.644212E2	9.246628E1	-1.213626E-2
1.066667E1	-4.448602E-1	-1.032496E-1	-1.669333E2	8.863493E1	1.158942E0
1.070000E1	-4.435871E-1	-8.242764E-2	-1.694733E2	8.479901E1	-5.094699E0
1.073333E1	-4.410987E-1	-6.192511E-2	-1.720086E2	8.077074E1	-2.109950E1
1.076667E1	-4.369392E-1	-4.151473E-2	-1.745725E2	7.644358E1	-1.442815E1
1.080000E1	-4.316015E-1	-2.253739E-2	-1.770108E2	7.228104E1	1.265940E0
1.083333E1	-4.245220E-1	-2.651092E-3	-1.796422E2	6.855446E1	6.185958E0
1.086667E1	-4.159047E-1	1.742257E-2	1.776012E2	6.477379E1	-2.307288E1
1.090000E1	-4.058903E-1	3.689646E-2	1.748059E2	6.073597E1	-4.969812E1
1.093333E1	-3.948043E-1	5.507840E-2	1.720580E2	5.542431E1	-5.452818E1
1.096667E1	-3.825055E-1	7.082549E-2	1.695098E2	5.169095E1	-5.543451E1
1.100000E1	-3.697401E-1	8.680499E-2	1.667878E2	4.920218E1	-4.129956E1
1.103333E1	-3.563275E-1	1.011552E-1	1.641517E2	4.514300E1	-6.221808E1
1.106667E1	-3.414868E-1	1.151996E-1	1.613583E2	4.240866E1	-7.278776E1
1.110000E1	-3.274389E-1	1.275422E-1	1.587184E2	3.881619E1	-8.760049E1
1.113333E1	-3.123570E-1	1.386342E-1	1.560668E2	3.519239E1	-9.087139E1
1.116667E1	-2.978287E-1	1.484240E-1	1.535105E2	3.286294E1	-1.172628E2
1.120000E1	-2.835676E-1	1.572324E-1	1.509925E2	2.979024E1	-1.137113E2
1.123333E1	-2.709224E-1	1.638273E-1	1.488386E2	2.511226E1	-1.033661E2
1.126667E1	-2.580068E-1	1.692127E-1	1.467413E2	2.031321E1	-9.076771E1
1.130000E1	-2.451284E-1	1.733755E-1	1.447288E2	1.544658E1	-1.132757E2
1.133333E1	-2.325226E-1	1.762545E-1	1.428375E2	1.152223E1	-1.101965E2
1.136667E1	-2.212039E-1	1.782527E-1	1.411371E2	6.585164E0	-1.086763E2
1.140000E1	-2.091164E-1	1.789565E-1	1.394439E2	2.702955E0	-9.501132E1
1.143333E1	-1.979537E-1	1.793504E-1	1.378227E2	-5.055601E-1	-1.299766E2
1.146667E1	-1.864135E-1	1.787562E-1	1.362013E2	-3.272569E0	-1.381380E2
1.150000E1	-1.760700E-1	1.780991E-1	1.346718E2	-6.735719E0	-1.570786E2
1.153333E1	-1.666546E-1	1.764226E-1	1.333691E2	-1.047287E1	-1.575683E2
1.156667E1	-1.582679E-1	1.748084E-1	1.321571E2	-1.222859E1	-1.579952E2
1.160000E1	-1.503779E-1	1.728949E-1	1.310156E2	-1.677518E1	-1.616824E2
1.163333E1	-1.433379E-1	1.703078E-1	1.300853E2	-1.913074E1	-1.756424E2
1.166667E1	-1.369367E-1	1.682324E-1	1.291447E2	-2.054571E1	1.622824E2
1.170000E1	-1.314573E-1	1.658550E-1	1.284005E2	-2.101819E1	1.602005E2
1.173333E1	-1.266417E-1	1.642768E-1	1.276288E2	-1.911555E1	1.629602E2
1.176667E1	-1.236757E-1	1.631580E-1	1.271626E2	-2.530042E1	1.729699E2
1.180000E1	-1.215037E-1	1.618480E-1	1.268966E2	-3.076370E1	1.745679E2
1.183333E1	-1.196881E-1	1.607843E-1	1.266640E2	-4.218316E1	1.713506E2
1.186667E1	-1.192427E-1	1.597990E-1	1.267304E2	-7.917581E1	1.582262E2
1.190000E1	-1.193273E-1	1.588973E-1	1.269055E2	-9.262961E1	1.084232E2
1.193333E1	-1.192973E-1	1.586109E-1	1.269482E2	-8.404054E1	8.074363E1
1.196667E1	-1.192780E-1	1.584252E-1	1.269760E2	-8.155078E1	-1.009674E2
1.200000E1	-1.192374E-1	1.582081E-1	1.270044E2	-9.193634E1	-9.729296E1
1.203333E1	-1.193106E-1	1.574596E-1	1.271520E2	-9.402233E1	-1.653452E2
1.206667E1	-1.193454E-1	1.566731E-1	1.272983E2	-1.256092E2	1.507153E2
1.210000E1	-1.201752E-1	1.562525E-1	1.275642E2	-1.639300E2	1.445703E2
1.213333E1	-1.212720E-1	1.561181E-1	1.278399E2	-1.616064E2	3.178331E1
1.216667E1	-1.218746E-1	1.556874E-1	1.280544E2	-1.580210E2	2.576514E1
1.220000E1	-1.228345E-1	1.554874E-1	1.283086E2	-1.705652E2	5.945012E1
1.223333E1	-1.233177E-1	1.554476E-1	1.284252E2	-1.582631E2	-8.642642E1
1.226667E1	-1.241411E-1	1.549665E-1	1.286976E2	-1.569157E2	1.716804E2
1.230000E1	-1.249172E-1	1.547659E-1	1.289083E2	-1.737574E2	1.493291E2
1.233333E1	-1.263645E-1	1.547233E-1	1.292390E2	1.771415E2	1.629646E2
1.236667E1	-1.281397E-1	1.549268E-1	1.295941E2	1.728201E2	1.640412E2
1.240000E1	-1.310846E-1	1.553179E-1	1.301636E2	1.703093E2	1.615632E2
1.243333E1	-1.353799E-1	1.561632E-1	1.309224E2	1.667983E2	1.589506E2
1.246667E1	-1.409738E-1	1.576377E-1	1.318059E2	1.651213E2	1.674832E2
1.250000E1	-1.478433E-1	1.594745E-1	1.328325E2	1.669301E2	1.707478E2
1.253333E1	-1.571201E-1	1.613861E-1	1.342326E2	1.675244E2	-1.789589E2
1.256667E1	-1.670791E-1	1.637304E-1	1.355800E2	1.701259E2	-1.670853E2
1.260000E1	-1.793030E-1	1.652473E-1	1.373360E2	1.747873E2	-1.607483E2
1.263333E1	-1.936372E-1	1.661533E-1	1.393683E2	1.774779E2	-1.540898E2
1.266667E1	-2.089793E-1	1.665545E-1	1.414455E2	-1.790239E2	-1.441427E2
1.270000E1	-2.263132E-1	1.655965E-1	1.438065E2	-1.746116E2	-1.417529E2
1.273333E1	-2.452540E-1	1.631329E-1	1.463698E2	-1.713237E2	-1.214848E2
1.276667E1	-2.657696E-1	1.595756E-1	1.490182E2	-1.667462E2	-1.003463E2
1.280000E1	-2.857235E-1	1.536008E-1	1.517382E2	-1.616108E2	-9.217645E1
1.283333E1	-3.060713E-1	1.461775E-1	1.544712E2	-1.566858E2	-9.115246E1
1.286667E1	-3.266709E-1	1.359540E-1	1.574039E2	-1.514401E2	-7.814459E1
1.290000E1	-3.466455E-1	1.240925E-1	1.603036E2	-1.465203E2	-5.342992E1
1.293333E1	-3.657557E-1	1.101043E-1	1.632465E2	-1.405044E2	-3.563230E1
1.296667E1	-3.822128E-1	9.477771E-2	1.660732E2	-1.347071E2	-1.960324E1
1.300000E1	-3.967815E-1	7.875965E-2	1.687729E2	-1.309363E2	-2.539826E1
1.303333E1	-4.100383E-1	6.269619E-2	1.713066E2	-1.277900E2	-2.298333E1
1.306667E1	-4.227311E-1	4.529357E-2	1.738844E2	-1.243515E2	-3.072994E1
1.310000E1	-4.335822E-1	2.824875E-2	1.762723E2	-1.196584E2	-2.295149E1
1.313333E1	-4.432219E-1	9.308735E-3	1.787968E2	-1.148395E2	-2.916166E1
1.316667E1	-4.510408E-1	-9.466759E-3	-1.787976E2	-1.092846E2	-3.040370E1
1.320000E1	-4.569304E-1	-2.987038E-2	-1.762598E2	-1.035964E2	-4.414262E1
1.323333E1	-4.612512E-1	-5.168339E-2	-1.736067E2	-9.890610E1	-4.481714E1
1.326667E1	-4.640614E-1	-7.537645E-2	-1.707741E2	-9.459834E1	-4.412557E1
1.330000E1	-4.651651E-1	-1.003460E-1	-1.678266E2	-9.084002E1	-4.139555E1
1.333333E1	-4.648165E-1	-1.268774E-1	-1.647323E2	-8.727632E1	-2.659597E1
1.336667E1	-4.625705E-1	-1.548866E-1	-1.614874E2	-8.314657E1	-1.300085E1
1.340000E1	-4.581483E-1	-1.823590E-1	-1.582957E2	-7.818124E1	1.999841E0
1.343333E1	-4.508243E-1	-2.110205E-1	-1.549168E2	-7.380263E1	-3.676122E0
1.346667E1	-4.419415E-1	-2.381527E-1	-1.516807E2	-7.013533E1	1.143552E1
1.350000E1	-4.306418E-1	-2.668816E-1	-1.482123E2	-6.609574E1	2.805195E1
1.353333E1	-4.174892E-1	-2.933214E-1	-1.449087E2	-6.266414E1	5.232051E1
1.356667E1	-4.039068E-1	-3.186003E-1	-1.417337E2	-6.100650E1	4.856277E1
1.360000E1	-3.895711E-1	-3.437004E-1	-1.385795E2	-5.770689E1	6.245675E1
1.363333E1	-3.735793E-1	-3.665865E-1	-1.355413E2	-5.429470E1	7.643386E1
1.366667E1	-3.580218E-1	-3.875973E-1	-1.327285E2	-5.085244E1	8.707622E1
1.370000E1	-3.415963E-1	-4.058748E-1	-1.300850E2	-4.659374E1	8.961569E1
1.373333E1	-3.256161E-1	-4.218579E-1	-1.276632E2	-4.425289E1	7.747794E1
1.376667E1	-3.097880E-1	-4.368642E-1	-1.253411E2	-4.133981E1	2.619398E1
1.380000E1	-2.922962E-1	-4.511712E-1	-1.229376E2	-3.817579E1	1.992353E1
1.383333E1	-2.732542E-1	-4.655885E-1	-1.204087E2	-3.667542E1	5.013852E1
1.386667E1	-2.546086E-1	-4.792375E-1	-1.179808E2	-3.457693E1	5.854572E1
1.390000E1	-2.351720E-1	-4.918370E-1	-1.155548E2	-3.341009E1	8.563794E1
1.393333E1	-2.154705E-1	-5.050543E-1	-1.131045E2	-3.188554E1	1.046617E2
1.396667E1	-1.967546E-1	-5.157363E-1	-1.108820E2	-2.763551E1	9.068548E1
1.400000E1	-1.781334E-1	-5.246031E-1	-1.087553E2	-2.387844E1	8.940985E1
1.403333E1	-1.584568E-1	-5.326903E-1	-1.065659E2	-2.238844E1	1.169959E2
1.406667E1	-1.402321E-1	-5.402159E-1	-1.045520E2	-2.072448E1	1.204202E2
1.410000E1	-1.224358E-1	-5.463191E-1	-1.026319E2	-1.810319E1	9.086844E1
1.413333E1	-1.044207E-1	-5.519231E-1	-1.007134E2	-1.738437E1	1.261329E2
1.416667E1	-8.633696E-2	-5.576210E-1	-9.880127E1	-1.614354E1	1.393360E2
1.420000E1	-6.985093E-2	-5.619296E-1	-9.708583E1	-1.294732E1	1.448721E2
1.423333E1	-5.499755E-2	-5.648259E-1	-9.556140E1	-9.517947E0	1.527453E2
1.426667E1	-4.289214E-2	-5.664497E-1	-9.433023E1	-6.933540E0	1.619244E2
1.430000E1	-3.246390E-2	-5.675662E-1	-9.327366E1	-5.178298E0	1.679095E2
1.433333E1	-2.482814E-2	-5.680867E-1	-9.250251E1	-2.871744E0	1.708059E2
1.436667E1	-1.975066E-2	-5.682039E-1	-9.199079E1	-1.021381E0	1.739584E2
1.440000E1	-1.593154E-2	-5.682453E-1	-9.160595E1	7.303871E-1	1.766298E2
1.443333E1	-1.402393E-2	-5.681309E-1	-9.141402E1	5.139374E0	1.776263E2
1.446667E1	-1.333176E-2	-5.680115E-1	-9.134454E1	1.582967E1	-1.774549E2
1.450000E1	-1.313863E-2	-5.678799E-1	-9.132538E1	9.002375E1	-1.776067E2
1.453333E1	-1.333181E-2	-5.678761E-1	-9.134486E1	1.722352E2	1.669314E2
1.456667E1	-1.402669E-2	-5.677588E-1	-9.141523E1	1.633407E2	1.539362E2
1.460000E1	-1.532701E-2	-5.672790E-1	-9.154767E1	1.617346E2	-3.485853E1
1.463333E1	-1.578734E-2	-5.671777E-1	-9.159441E1	1.705744E2	-2.237663E1
1.466667E1	-1.662645E-2	-5.670633E-1	-9.167945E1	1.748266E2	-1.266977E1
1.470000E1	-1.645729E-2	-5.671171E-1	-9.166221E1	-2.022799E1	-1.335541E1
1.473333E1	-1.629822E-2	-5.671842E-1	-9.164596E1	-2.393320E1	-2.316103E1
1.476667E1	-1.594228E-2	-5.673456E-1	-9.160957E1	-2.189596E1	-2.937661E1
1.480000E1	-1.573891E-2	-5.674090E-1	-9.158887E1	-2.512405E1	-1.084873E1
1.483333E1	-1.522526E-2	-5.676819E-1	-9.153631E1	-1.836125E1	6.457867E1
1.486667E1	-1.436581E-2	-5.678648E-1	-9.144916E1	4.958470E0	1.474752E2
1.490000E1	-1.415267E-2	-5.675888E-1	-9.142836E1	8.951573E1	1.661555E2
1.493333E1	-1.436208E-2	-5.674239E-1	-9.144991E1	1.477989E2	-1.729686E2
1.496667E1	-1.480433E-2	-5.671784E-1	-9.149518E1	1.487524E2	1.335312E2
1.500000E1	-1.504014E-2	-5.670125E-1	-9.151943E1	1.404066E2	1.631679E2
1.503333E1	-1.572082E-2	-5.664204E-1	-9.158982E1	1.529708E2	-1.495334E2
1.506667E1	-1.673582E-2	-5.661474E-1	-9.169322E1	1.744613E2	-1.005113E2
1.510000E1	-1.752448E-2	-5.662455E-1	-9.177266E1	1.782824E2	1.678279E2
1.513333E1	-1.843497E-2	-5.660965E-1	-9.186518E1	1.699704E2	1.582493E2
1.516667E1	-2.019538E-2	-5.657731E-1	-9.204432E1	1.697763E2	1.392556E2
1.520000E1	-2.167964E-2	-5.655113E-1	-9.219544E1	1.627370E2	2.753655E1
1.523333E1	-2.335550E-2	-5.647911E-1	-9.236797E1	1.629082E2	-6.443967E1
1.526667E1	-2.476341E-2	-5.645631E-1	-9.251155E1	1.730055E2	-7.861078E1
1.530000E1	-2.619636E-2	-5.644426E-1	-9.265725E1	1.755115E2	-6.579355E1
1.533333E1	-2.772637E-2	-5.643305E-1	-9.281276E1	-1.797078E2	-1.081791E1
1.536667E1	-2.892471E-2	-5.644565E-1	-9.293347E1	-1.797092E2	-6.651362E0
1.540000E1	-2.987220E-2	-5.643414E-1	-9.303000E1	-1.780456E2	-1.321259E1
1.543333E1	-3.023101E-2	-5.645011E-1	-9.306546E1	-1.414670E2	-1.778717E1
1.546667E1	-3.043755E-2	-5.647916E-1	-9.308478E1	-1.249831E2	2.197833E1
1.550000E1	-3.051942E-2	-5.649132E-1	-9.309240E1	-2.665786E1	3.575292E1
1.553333E1	-3.025785E-2	-5.648818E-1	-9.306611E1	5.170371E0	5.010078E0
1.556667E1	-3.011965E-2	-5.648770E-1	-9.305216E1	-4.613504E0	-4.733346E0
1.560000E1	-2.958162E-2	-5.649364E-1	-9.299743E1	-2.385074E0	1.111419E1
1.563333E1	-2.881347E-2	-5.649314E-1	-9.291975E1	2.918042E0	9.317226E1
1.566667E1	-2.835904E-2	-5.648741E-1	-9.287408E1	4.261222E0	1.729568E2
1.570000E1	-2.767044E-2	-5.648463E-1	-9.280454E1	8.658217E0	1.791377E2
1.573333E1	-2.758660E-2	-5.647565E-1	-9.279650E1	4.656970E1	-1.786413E2
1.576667E1	-2.755020E-2	-5.647193E-1	-9.279300E1	1.679717E2	-1.703479E2
1.580000E1	-2.789724E-2	-5.646903E-1	-9.282827E1	1.747305E2	-1.361413E2
1.583333E1	-2.806513E-2	-5.646718E-1	-9.284535E1	-1.692147E2	-2.512832E1
1.586667E1	-2.825206E-2	-5.647579E-1	-9.286384E1	-1.567690E2	4.265778E1
1.590000E1	-2.834432E-2	-5.647916E-1	-9.287300E1	1.493659E2	5.941507E1
1.593333E1	-2.841188E-2	-5.646632E-1	-9.288049E1	1.196990E2	-2.159795E1
1.596667E1	-2.846411E-2	-5.645816E-1	-9.288620E1	-1.722820E1	-4.206920E1
1.600000E1	-2.828328E-2	-5.647031E-1	-9.286728E1	-2.149643E1	1.448244E2
1.603333E1	-2.825673E-2	-5.646633E-1	-9.286479E1	7.494890E1	1.444560E2
1.606667E1	-2.826586E-2	-5.646383E-1	-9.286584E1	-2.088731E1	1.666404E2
1.610000E1	-2.811763E-2	-5.647163E-1	-9.285044E1	1.049109E2	6.898286E1
1.613333E1	-2.827613E-2	-5.645997E-1	-9.286708E1	7.388203E1	5.491457E1
1.616667E1	-2.802278E-2	-5.643881E-1	-9.284249E1	4.155745E1	-2.075191E1
1.620000E1	-2.791781E-2	-5.642821E-1	-9.283239E1	4.737762E1	-1.382039E2
1.623333E1	-2.782952E-2	-5.641781E-1	-9.282397E1	4.252350E1	5.947412E1
1.626667E1	-2.775506E-2	-5.641328E-1	-9.281665E1	5.564062E1	9.747804E1
1.630000E1	-2.724906E-2	-5.633291E-1	-9.276932E1	7.986717E1	1.644621E2
1.633333E1	-2.749682E-2	-5.626879E-1	-9.279764E1	1.241259E2	-1.745108E2
1.636667E1	-2.793743E-2	-5.623134E-1	-9.284429E1	1.176329E2	-3.454969E1
1.640000E1	-2.814284E-2	-5.614539E-1	-9.286955E1	9.387919E1	-4.828712E1
1.643333E1	-2.799896E-2	-5.614058E-1	-9.285514E1	1.927389E1	-8.562865E1
1.646667E1	-2.793931E-2	-5.613828E-1	-9.284919E1	-9.629082E1	-1.370776E2
1.650000E1	-2.801977E-2	-5.615946E-1	-9.285630E1	-1.136476E2	-6.120457E1
1.653333E1	-2.806518E-2	-5.616702E-1	-9.286054E1	-7.364118E1	1.760325E1
1.656667E1	-2.794000E-2	-5.618663E-1	-9.284681E1	-5.674166E1	-5.856399E1
1.660000E1	-2.788343E-2	-5.619473E-1	-9.284065E1	-7.128800E1	1.716173E2
1.663333E1	-2.783377E-2	-5.621799E-1	-9.283442E1	-7.788568E1	-1.622310E2
1.666667E1	-2.781103E-2	-5.622846E-1	-9.283159E1	-8.596121E1	1.169394E2
1.670000E1	-2.781448E-2	-5.624532E-1	-9.283109E1	-9.187963E1	4.795485E1
1.673333E1	-2.781881E-2	-5.625218E-1	-9.283118E1	-3.594770E1	4.993993E1
1.676667E1	-2.768132E-2	-5.625497E-1	-9.281707E1	-9.974721E0	5.285011E1
1.680000E1	-2.760499E-2	-5.625594E-1	-9.280927E1	3.064262E1	6.636015E1
1.683333E1	-2.737496E-2	-5.623682E-1	-9.278684E1	3.378376E1	-1.352398E2
1.686667E1	-2.723285E-2	-5.623105E-1	-9.277268E1	-1.606104E1	-1.317757E2
1.690000E1	-2.726130E-2	-5.624010E-1	-9.277513E1	-9.455862E1	-1.083834E2
1.693333E1	-2.724566E-2	-5.624711E-1	-9.277319E1	-5.949084E1	-3.234586E1
1.696667E1	-2.716974E-2	-5.625563E-1	-9.276506E1	-4.800731E1	-5.512210E1
1.700000E1	-2.691649E-2	-5.628367E-1	-9.273796E1	-5.494434E1	-7.332488E1
