	masse_A
t	x	y	θr	θv	θa
0.000000E0	1.908045E-2	-2.769392E-1	-8.605868E1	0.000000E0	0.000000E0
3.333333E-2	1.841493E-2	-2.770029E-1	-8.619662E1	-1.457556E2	0.000000E0
6.666667E-2	1.844784E-2	-2.773698E-1	-8.619487E1	-1.114373E2	-9.932589E0
1.000000E-1	1.821295E-2	-2.775173E-1	-8.624517E1	-1.499987E2	1.781323E2
1.333333E-1	1.784297E-2	-2.777190E-1	-8.632390E1	-1.302499E2	-2.398783E1
1.666667E-1	1.775958E-2	-2.780528E-1	-8.634541E1	-1.045607E2	2.530324E1
2.000000E-1	1.769846E-2	-2.782754E-1	-8.636086E1	-7.037263E1	5.454098E1
2.333333E-1	1.784223E-2	-2.782846E-1	-8.633150E1	-2.753745E0	3.162244E1
2.666667E-1	1.796745E-2	-2.782883E-1	-8.630587E1	2.813069E0	-1.059255E1
3.000000E-1	1.832617E-2	-2.782608E-1	-8.623196E1	-4.315836E0	-2.465344E0
3.333333E-1	1.863808E-2	-2.783389E-1	-8.616909E1	-3.105050E0	2.903738E1
3.666667E-1	1.914752E-2	-2.783054E-1	-8.606423E1	5.062774E0	1.553486E2
4.000000E-1	1.954238E-2	-2.782588E-1	-8.598266E1	6.474601E0	-1.638456E2
4.333333E-1	1.969363E-2	-2.782434E-1	-8.595145E1	-1.362118E1	-1.373916E2
4.666667E-1	1.984714E-2	-2.783327E-1	-8.592130E1	-1.769936E1	-2.121678E1
5.000000E-1	2.009213E-2	-2.783706E-1	-8.587169E1	-9.510296E0	1.551331E2
5.333333E-1	2.024541E-2	-2.783994E-1	-8.584073E1	-1.367158E1	1.737450E2
5.666667E-1	2.027750E-2	-2.784157E-1	-8.583440E1	-2.900687E1	-1.734166E2
6.000000E-1	2.029812E-2	-2.784286E-1	-8.583038E1	-1.589608E2	1.788995E2
6.333333E-1	2.003923E-2	-2.785073E-1	-8.588453E1	-1.741199E2	1.781029E2
6.666667E-1	1.977618E-2	-2.784824E-1	-8.593801E1	-1.776509E2	-1.774603E2
7.000000E-1	1.939482E-2	-2.785338E-1	-8.601682E1	-1.715200E2	-6.073006E0
7.333333E-1	1.914460E-2	-2.785765E-1	-8.606865E1	-1.744616E2	1.461990E1
7.666667E-1	1.898317E-2	-2.785737E-1	-8.610165E1	1.792224E2	2.338860E1
8.000000E-1	1.884645E-2	-2.785725E-1	-8.612963E1	1.518372E2	2.111512E1
8.333333E-1	1.884684E-2	-2.785007E-1	-8.612855E1	9.133095E1	4.641889E1
8.666667E-1	1.884350E-2	-2.784456E-1	-8.612847E1	1.225728E2	-1.773175E2
9.000000E-1	1.876663E-2	-2.783751E-1	-8.614325E1	1.386157E2	3.407468E1
9.333333E-1	1.869648E-2	-2.783161E-1	-8.615681E1	8.477701E1	3.416244E1
9.666667E-1	1.878338E-2	-2.781920E-1	-8.613728E1	7.088137E1	-4.127649E1
1.000000E0	1.879101E-2	-2.780434E-1	-8.613366E1	1.616723E0	-8.559808E1
1.033333E0	1.897689E-2	-2.781865E-1	-8.609753E1	-3.659460E1	-1.319886E2
1.066667E0	1.899614E-2	-2.781957E-1	-8.609371E1	-2.549661E1	1.283886E2
1.100000E0	1.900837E-2	-2.782015E-1	-8.609129E1	6.662138E1	9.104303E1
1.133333E0	1.902519E-2	-2.781285E-1	-8.608682E1	7.700642E1	-1.734873E2
1.166667E0	1.904010E-2	-2.780641E-1	-8.608286E1	1.644119E2	-1.527522E2
1.200000E0	1.887334E-2	-2.780861E-1	-8.611737E1	-1.730154E2	-1.456835E2
1.233333E0	1.872252E-2	-2.781030E-1	-8.614853E1	-1.640898E2	1.536679E2
1.266667E0	1.851307E-2	-2.781888E-1	-8.619266E1	-1.747550E2	-1.563472E2
1.300000E0	1.830473E-2	-2.781413E-1	-8.623474E1	-1.642518E2	-1.199280E2
1.333333E0	1.773378E-2	-2.784086E-1	-8.635536E1	-1.549480E2	-1.882907E0
1.366667E0	1.763927E-2	-2.784524E-1	-8.637530E1	-3.650242E1	9.707100E0
1.400000E0	1.791165E-2	-2.785402E-1	-8.632064E1	-1.738646E1	-2.294219E1
1.433333E0	1.815694E-2	-2.786145E-1	-8.627138E1	-2.835329E1	1.075812E1
1.466667E0	1.838649E-2	-2.787965E-1	-8.622684E1	-1.346324E1	1.262508E2
1.500000E0	1.888551E-2	-2.787889E-1	-8.612463E1	-1.258951E1	1.603399E2
1.533333E0	1.897388E-2	-2.789277E-1	-8.610849E1	-3.426760E1	1.497625E2
1.566667E0	1.907274E-2	-2.789164E-1	-8.608812E1	2.723192E1	4.278884E1
1.600000E0	1.923744E-2	-2.787920E-1	-8.605269E1	6.144216E-1	-1.692304E2
1.633333E0	1.937302E-2	-2.789132E-1	-8.602668E1	-2.292978E1	1.706176E2
1.666667E0	1.929374E-2	-2.788158E-1	-8.604151E1	1.291795E2	1.629431E2
1.700000E0	1.923706E-2	-2.787464E-1	-8.605212E1	1.664333E2	-1.388462E2
1.733333E0	1.903373E-2	-2.787531E-1	-8.609381E1	-1.777453E2	-7.039680E1
1.766667E0	1.886364E-2	-2.787611E-1	-8.612872E1	-1.613405E2	-1.675806E1
1.800000E0	1.883621E-2	-2.788198E-1	-8.613515E1	-1.148424E2	1.519137E1
1.833333E0	1.881040E-2	-2.788761E-1	-8.614120E1	-1.564366E2	1.046183E2
1.866667E0	1.876285E-2	-2.788518E-1	-8.615059E1	1.555486E2	6.429478E1
1.900000E0	1.871555E-2	-2.788330E-1	-8.616001E1	1.206931E2	7.111719E0
1.933333E0	1.873164E-2	-2.787992E-1	-8.615625E1	6.769785E1	-9.363815E1
1.966667E0	1.874082E-2	-2.787713E-1	-8.615399E1	-1.138613E2	-7.768475E1
2.000000E0	1.868747E-2	-2.788991E-1	-8.616666E1	-8.227370E1	2.773857E1
2.033333E0	1.875646E-2	-2.788866E-1	-8.615238E1	1.039189E1	1.472488E2
2.066667E0	1.880049E-2	-2.788783E-1	-8.614326E1	-1.504069E2	-1.608287E2
2.100000E0	1.866124E-2	-2.789407E-1	-8.617259E1	-1.569255E2	-1.737771E2
2.133333E0	1.851933E-2	-2.789981E-1	-8.620239E1	-1.693185E2	-1.790914E2
2.166667E0	1.814499E-2	-2.790381E-1	-8.627947E1	-1.727151E2	1.704837E2
2.200000E0	1.758393E-2	-2.791177E-1	-8.639523E1	1.787589E2	1.733005E2
2.233333E0	1.664195E-2	-2.790055E-1	-8.658650E1	1.771807E2	1.713206E2
2.266667E0	1.529830E-2	-2.790051E-1	-8.686152E1	1.767611E2	1.753768E2
2.300000E0	1.369134E-2	-2.788385E-1	-8.718896E1	1.753735E2	1.671963E2
2.333333E0	1.186873E-2	-2.787276E-1	-8.756171E1	1.744852E2	1.794194E2
2.366667E0	9.438290E-3	-2.784279E-1	-8.805850E1	1.755918E2	1.692503E2
2.400000E0	6.879199E-3	-2.783430E-1	-8.858423E1	1.741650E2	1.648388E2
2.433333E0	3.547064E-3	-2.778259E-1	-8.926853E1	1.708726E2	1.592295E2
2.466667E0	-8.813391E-4	-2.770961E-1	-9.018224E1	1.690974E2	1.558507E2
2.500000E0	-5.742222E-3	-2.760366E-1	-9.119172E1	1.667579E2	1.513195E2
2.533333E0	-1.104266E-2	-2.747049E-1	-9.230195E1	1.654711E2	1.536676E2
2.566667E0	-1.712353E-2	-2.730871E-1	-9.358795E1	1.639052E2	1.602892E2
2.600000E0	-2.406612E-2	-2.709472E-1	-9.507582E1	1.639233E2	1.473590E2
2.633333E0	-3.170005E-2	-2.688862E-1	-9.672379E1	1.622819E2	1.387141E2
2.666667E0	-3.915762E-2	-2.661256E-1	-9.837042E1	1.600145E2	1.226425E2
2.700000E0	-4.758521E-2	-2.631090E-1	-1.002515E2	1.589910E2	1.219640E2
2.733333E0	-5.561128E-2	-2.598067E-1	-1.020818E2	1.558792E2	9.601450E1
2.766667E0	-6.422456E-2	-2.556586E-1	-1.041016E2	1.530429E2	1.048227E2
2.800000E0	-7.255620E-2	-2.511888E-1	-1.061114E2	1.512126E2	1.180418E2
2.833333E0	-8.117339E-2	-2.463458E-1	-1.082376E2	1.506494E2	8.643448E1
2.866667E0	-9.025565E-2	-2.412358E-1	-1.105128E2	1.478543E2	8.371300E1
2.900000E0	-9.827378E-2	-2.355997E-1	-1.126421E2	1.454092E2	5.229330E1
2.933333E0	-1.072569E-1	-2.295115E-1	-1.150479E2	1.431048E2	1.976832E1
2.966667E0	-1.147672E-1	-2.232183E-1	-1.172099E2	1.397871E2	9.247327E0
3.000000E0	-1.219245E-1	-2.171107E-1	-1.193176E2	1.392026E2	7.430530E1
3.033333E0	-1.293350E-1	-2.106448E-1	-1.215497E2	1.368408E2	3.429569E1
3.066667E0	-1.364312E-1	-2.035074E-1	-1.238379E2	1.327558E2	1.579066E1
3.100000E0	-1.422278E-1	-1.967003E-1	-1.258695E2	1.305348E2	2.341451E1
3.133333E0	-1.483832E-1	-1.895306E-1	-1.280573E2	1.289954E2	1.022397E2
3.166667E0	-1.540892E-1	-1.820502E-1	-1.302449E2	1.280408E2	6.257761E1
3.200000E0	-1.603674E-1	-1.742140E-1	-1.326302E2	1.250859E2	2.221989E1
3.233333E0	-1.655011E-1	-1.658043E-1	-1.349476E2	1.225061E2	-1.111080E1
3.266667E0	-1.706137E-1	-1.581344E-1	-1.371739E2	1.205815E2	-1.572097E1
3.300000E0	-1.746182E-1	-1.503769E-1	-1.392658E2	1.169387E2	3.337846E1
3.333333E0	-1.785571E-1	-1.425033E-1	-1.414073E2	1.158600E2	4.386907E1
3.366667E0	-1.825062E-1	-1.341032E-1	-1.436920E2	1.146923E2	-1.935967E1
3.400000E0	-1.860614E-1	-1.261819E-1	-1.458559E2	1.121742E2	-2.724041E1
3.433333E0	-1.888480E-1	-1.185430E-1	-1.478828E2	1.089801E2	-4.058521E1
3.466667E0	-1.912918E-1	-1.109746E-1	-1.498806E2	1.067876E2	-5.192706E1
3.500000E0	-1.930134E-1	-1.047357E-1	-1.515142E2	1.048787E2	-4.678640E1
3.533333E0	-1.946393E-1	-9.837474E-2	-1.531870E2	1.020757E2	-5.296847E1
3.566667E0	-1.956412E-1	-9.245304E-2	-1.547063E2	9.891454E1	-5.449846E1
3.600000E0	-1.962942E-1	-8.782458E-2	-1.558956E2	9.477631E1	-5.268199E1
3.633333E0	-1.964169E-1	-8.316875E-2	-1.570508E2	9.041374E1	-5.169136E1
3.666667E0	-1.963579E-1	-7.900023E-2	-1.580837E2	8.997181E1	-7.293791E1
3.700000E0	-1.964129E-1	-7.500012E-2	-1.591007E2	8.937927E1	-3.283293E1
3.733333E0	-1.962705E-1	-7.093808E-2	-1.601286E2	8.683124E1	-6.204607E1
3.766667E0	-1.959711E-1	-6.701936E-2	-1.611200E2	8.745191E1	-1.215823E2
3.800000E0	-1.959296E-1	-6.327738E-2	-1.621016E2	8.904924E1	-1.571914E2
3.833333E0	-1.958451E-1	-5.943095E-2	-1.631191E2	8.902845E1	-7.419015E1
3.866667E0	-1.958005E-1	-5.566257E-2	-1.641305E2	8.824680E1	-7.328756E1
3.900000E0	-1.956263E-1	-5.228016E-2	-1.650376E2	8.751847E1	-5.890373E1
3.933333E0	-1.954950E-1	-4.861247E-2	-1.660358E2	8.464242E1	-6.411044E1
3.966667E0	-1.950078E-1	-4.568489E-2	-1.668150E2	7.854015E1	-6.789177E1
4.000000E0	-1.943973E-1	-4.319786E-2	-1.674716E2	7.782738E1	-4.080573E1
4.033333E0	-1.938737E-1	-4.042737E-2	-1.682212E2	7.340166E1	-4.546784E1
4.066667E0	-1.928643E-1	-3.805488E-2	-1.688381E2	6.713245E1	-4.944911E1
4.100000E0	-1.919672E-1	-3.590704E-2	-1.694054E2	6.395105E1	-4.878723E1
4.133333E0	-1.907624E-1	-3.375472E-2	-1.699656E2	5.742519E1	-3.426535E1
4.166667E0	-1.894275E-1	-3.193187E-2	-1.704316E2	5.545365E1	-8.882950E1
4.200000E0	-1.881324E-1	-2.993474E-2	-1.709592E2	5.411785E1	-9.283572E1
4.233333E0	-1.868961E-1	-2.843270E-2	-1.713499E2	4.393273E1	-9.395848E1
4.266667E0	-1.855873E-1	-2.748274E-2	-1.715766E2	3.597004E1	-9.344073E1
4.300000E0	-1.844276E-1	-2.664120E-2	-1.717803E2	3.137187E1	-1.052691E2
4.333333E0	-1.831724E-1	-2.601030E-2	-1.719181E2	2.253507E1	-5.844640E1
4.366667E0	-1.821091E-1	-2.567915E-2	-1.719737E2	1.998432E1	-5.219571E1
4.400000E0	-1.806129E-1	-2.507949E-2	-1.720946E2	1.137694E1	-1.005157E2
4.433333E0	-1.791807E-1	-2.508992E-2	-1.720289E2	-3.268683E-1	1.763048E2
4.466667E0	-1.782040E-1	-2.509323E-2	-1.719848E2	1.864778E1	1.656743E2
4.500000E0	-1.772725E-1	-2.444595E-2	-1.721484E2	2.299212E1	-1.608412E2
4.533333E0	-1.768491E-1	-2.451830E-2	-1.721068E2	1.075721E0	-1.111505E2
4.566667E0	-1.763884E-1	-2.442935E-2	-1.721148E2	6.348989E0	-3.479913E1
4.600000E0	-1.756787E-1	-2.438808E-2	-1.720966E2	-1.027284E1	-6.924797E1
4.633333E0	-1.750381E-1	-2.467408E-2	-1.719762E2	-1.926398E1	-5.413712E1
4.666667E0	-1.743841E-1	-2.484053E-2	-1.718929E2	-1.795071E1	-3.932845E1
4.700000E0	-1.734407E-1	-2.519158E-2	-1.717358E2	-2.550380E1	-1.356253E2
4.733333E0	-1.725303E-1	-2.572491E-2	-1.715195E2	-3.152221E1	1.095614E2
4.766667E0	-1.720866E-1	-2.602210E-2	-1.714012E2	-1.637278E1	7.593485E1
4.800000E0	-1.710250E-1	-2.616717E-2	-1.713011E2	-6.606707E0	-1.779960E2
4.833333E0	-1.702867E-1	-2.623057E-2	-1.712431E2	-1.881925E1	-1.459630E2
4.866667E0	-1.698317E-1	-2.657385E-2	-1.711069E2	-2.981274E1	-4.309029E1
4.900000E0	-1.691104E-1	-2.690457E-2	-1.709603E2	-2.267096E1	6.410331E1
4.933333E0	-1.682085E-1	-2.725187E-2	-1.707973E2	-8.246995E0	8.273408E1
4.966667E0	-1.676176E-1	-2.712094E-2	-1.708091E2	6.547706E0	1.114155E2
5.000000E0	-1.666623E-1	-2.707440E-2	-1.707729E2	9.405139E-1	-1.538084E2
5.033333E0	-1.660540E-1	-2.709527E-2	-1.707326E2	-9.743933E0	-1.698196E2
5.066667E0	-1.658615E-1	-2.721192E-2	-1.706828E2	-3.295720E1	-1.638884E2
5.100000E0	-1.657331E-1	-2.730332E-2	-1.706450E2	-1.231888E2	-1.406228E2
5.133333E0	-1.661413E-1	-2.763967E-2	-1.705546E2	-1.255541E2	-1.382759E2
5.166667E0	-1.663793E-1	-2.820742E-2	-1.703778E2	-1.264138E2	-1.543415E2
5.200000E0	-1.669383E-1	-2.872016E-2	-1.702384E2	-1.373319E2	1.140404E2
5.233333E0	-1.674875E-1	-2.922888E-2	-1.701008E2	-1.404003E2	-3.100325E0
5.266667E0	-1.678683E-1	-2.948953E-2	-1.700365E2	-1.302558E2	-7.039737E1
5.300000E0	-1.682590E-1	-3.013998E-2	-1.698444E2	-1.204589E2	-9.250862E1
5.333333E0	-1.686645E-1	-3.084344E-2	-1.696369E2	-1.132438E2	-9.087250E1
5.366667E0	-1.690806E-1	-3.205294E-2	-1.692657E2	-1.066972E2	-1.173857E2
5.400000E0	-1.694831E-1	-3.357236E-2	-1.687955E2	-1.131117E2	1.718267E2
5.433333E0	-1.702799E-1	-3.486302E-2	-1.684292E2	-1.237989E2	1.402756E2
5.466667E0	-1.711689E-1	-3.609066E-2	-1.680937E2	-1.350335E2	1.463614E2
5.500000E0	-1.723640E-1	-3.694466E-2	-1.679022E2	-1.392766E2	-6.540039E1
5.533333E0	-1.734981E-1	-3.809582E-2	-1.676158E2	-1.254642E2	-6.320568E1
5.566667E0	-1.742357E-1	-3.957220E-2	-1.672041E2	-1.186709E2	-8.476639E1
5.600000E0	-1.751751E-1	-4.116257E-2	-1.667766E2	-1.192591E2	-1.230821E2
5.633333E0	-1.761425E-1	-4.297579E-2	-1.662887E2	-1.190294E2	-1.163364E2
5.666667E0	-1.773582E-1	-4.509626E-2	-1.657339E2	-1.191583E2	-1.195759E2
5.700000E0	-1.785381E-1	-4.726947E-2	-1.651707E2	-1.188010E2	-8.686953E1
5.733333E0	-1.799071E-1	-4.973243E-2	-1.645474E2	-1.164761E2	-1.065672E2
5.766667E0	-1.810006E-1	-5.221368E-2	-1.639086E2	-1.167945E2	1.632350E2
5.800000E0	-1.824115E-1	-5.469151E-2	-1.633100E2	-1.185477E2	-9.338930E1
5.833333E0	-1.836799E-1	-5.713867E-2	-1.627203E2	-1.139802E2	-5.683711E1
5.866667E0	-1.848806E-1	-6.024240E-2	-1.619521E2	-1.078956E2	-4.905168E1
5.900000E0	-1.856902E-1	-6.336411E-2	-1.611585E2	-1.017001E2	-5.946177E1
5.933333E0	-1.862483E-1	-6.684632E-2	-1.602564E2	-9.971478E1	-6.499643E1
5.966667E0	-1.869640E-1	-7.080489E-2	-1.592579E2	-9.401246E1	-5.513921E1
6.000000E0	-1.868546E-1	-7.548986E-2	-1.580011E2	-8.831526E1	-5.724566E1
6.033333E0	-1.866864E-1	-8.024376E-2	-1.567404E2	-8.655871E1	-5.947543E1
6.066667E0	-1.862194E-1	-8.605198E-2	-1.551983E2	-8.247111E1	-5.971920E1
6.100000E0	-1.851121E-1	-9.215560E-2	-1.535342E2	-8.020503E1	-6.712381E1
6.133333E0	-1.839954E-1	-9.893466E-2	-1.517330E2	-8.046925E1	-2.195515E1
6.166667E0	-1.827398E-1	-1.062853E-1	-1.498168E2	-7.749749E1	5.483270E1
6.200000E0	-1.810139E-1	-1.123805E-1	-1.481664E2	-7.516922E1	7.054854E1
6.233333E0	-1.794290E-1	-1.187890E-1	-1.464939E2	-7.395874E1	8.158333E1
6.266667E0	-1.775516E-1	-1.244220E-1	-1.449786E2	-7.025321E1	8.289106E1
6.300000E0	-1.757115E-1	-1.291448E-1	-1.436848E2	-7.020869E1	3.694154E0
6.333333E0	-1.739212E-1	-1.345107E-1	-1.422816E2	-6.940522E1	-3.475693E1
6.366667E0	-1.717068E-1	-1.398020E-1	-1.408479E2	-6.743754E1	-6.753858E-1
6.400000E0	-1.696097E-1	-1.448875E-1	-1.394947E2	-6.513255E1	-4.299177E1
6.433333E0	-1.668098E-1	-1.503675E-1	-1.379675E2	-6.361126E1	-4.924314E1
6.466667E0	-1.638611E-1	-1.564738E-1	-1.363211E2	-6.187023E1	-3.962167E1
6.500000E0	-1.596142E-1	-1.638268E-1	-1.342538E2	-5.770543E1	-1.713380E1
6.533333E0	-1.546960E-1	-1.709745E-1	-1.321385E2	-5.391581E1	-2.815384E1
6.566667E0	-1.492416E-1	-1.780594E-1	-1.299683E2	-5.269185E1	-3.177829E1
6.600000E0	-1.425733E-1	-1.868832E-1	-1.273400E2	-5.051573E1	2.033825E1
6.633333E0	-1.352747E-1	-1.950121E-1	-1.247480E2	-4.541144E1	2.942107E1
6.666667E0	-1.280104E-1	-2.016567E-1	-1.224071E2	-4.174477E1	-2.156179E-1
6.700000E0	-1.187416E-1	-2.097658E-1	-1.195128E2	-4.121681E1	1.018594E2
6.733333E0	-1.102996E-1	-2.171706E-1	-1.169257E2	-3.997060E1	1.269232E2
6.766667E0	-1.028486E-1	-2.230877E-1	-1.147508E2	-3.933701E1	1.640901E0
6.800000E0	-9.437699E-2	-2.302202E-1	-1.122908E2	-3.863596E1	-3.935558E0
6.833333E0	-8.545709E-2	-2.369890E-1	-1.098291E2	-3.577602E1	5.693232E0
6.866667E0	-7.633906E-2	-2.432181E-1	-1.074255E2	-3.359361E1	2.227049E0
6.900000E0	-6.533071E-2	-2.503577E-1	-1.046252E2	-3.077343E1	3.867013E1
6.933333E0	-5.396863E-2	-2.565395E-1	-1.018802E2	-2.587934E1	6.930646E1
6.966667E0	-4.266238E-2	-2.613548E-1	-9.927094E1	-1.962188E1	6.149485E1
7.000000E0	-3.007055E-2	-2.650596E-1	-9.647243E1	-1.488348E1	9.762597E1
7.033333E0	-1.733601E-2	-2.680858E-1	-9.369993E1	-9.795576E0	1.463438E2
7.066667E0	-6.655158E-3	-2.691022E-1	-9.141669E1	-5.102702E0	1.596660E2
7.100000E0	7.949472E-4	-2.697048E-1	-8.983112E1	-3.905365E0	1.707442E2
7.133333E0	7.379827E-3	-2.700604E-1	-8.843469E1	-2.780654E0	1.613562E2
7.166667E0	1.293440E-2	-2.702944E-1	-8.726031E1	1.791167E0	1.671465E2
7.200000E0	1.731871E-2	-2.697496E-1	-8.632649E1	4.904230E0	-1.797499E2
7.233333E0	2.069365E-2	-2.696286E-1	-8.561123E1	8.231606E-1	-1.702621E2
7.266667E0	2.308436E-2	-2.696667E-1	-8.510722E1	-1.829736E0	-1.727544E2
7.300000E0	2.394024E-2	-2.697323E-1	-8.492797E1	-3.842255E1	-1.683047E2
7.333333E0	2.369976E-2	-2.701549E-1	-8.498647E1	-9.222720E1	-1.592971E2
7.366667E0	2.390727E-2	-2.705799E-1	-8.495070E1	-1.094003E2	-1.792079E2
7.400000E0	2.337208E-2	-2.710853E-1	-8.507233E1	-1.356074E2	1.583671E2
7.433333E0	2.299328E-2	-2.714747E-1	-8.515874E1	-1.504208E2	9.295568E1
7.466667E0	2.236460E-2	-2.716572E-1	-8.529365E1	-1.592243E2	-8.228401E0
7.500000E0	2.193423E-2	-2.718765E-1	-8.538753E1	-1.410910E2	-2.399385E1
7.533333E0	2.160641E-2	-2.722692E-1	-8.546270E1	-1.334661E2	6.003118E1
7.566667E0	2.130962E-2	-2.725355E-1	-8.552913E1	1.618749E2	8.838062E1
7.600000E0	2.124786E-2	-2.721518E-1	-8.553577E1	1.356600E2	1.352021E2
7.633333E0	2.082534E-2	-2.720623E-1	-8.562276E1	1.606112E2	1.111559E2
7.666667E0	2.036671E-2	-2.718417E-1	-8.571533E1	1.281171E2	2.537380E1
7.700000E0	2.024550E-2	-2.713232E-1	-8.573263E1	1.045804E2	-2.946509E1
7.733333E0	2.018218E-2	-2.711323E-1	-8.574295E1	1.103781E2	-8.464078E1
7.766667E0	2.012137E-2	-2.709890E-1	-8.575349E1	1.419523E2	-9.109199E1
7.800000E0	2.005378E-2	-2.710318E-1	-8.576837E1	-1.506388E2	-3.773413E1
7.833333E0	1.998782E-2	-2.710642E-1	-8.578274E1	-3.523968E1	1.699701E0
7.866667E0	2.015642E-2	-2.711043E-1	-8.574792E1	-1.381154E1	-8.248292E0
7.900000E0	2.027273E-2	-2.711342E-1	-8.572395E1	-1.707691E1	-3.464553E1
7.933333E0	2.050369E-2	-2.712110E-1	-8.567663E1	-1.890452E1	-1.202656E2
7.966667E0	2.068314E-2	-2.712748E-1	-8.563996E1	-5.158303E1	-7.895306E1
8.000000E0	2.072260E-2	-2.714870E-1	-8.563508E1	-4.679319E1	-3.163829E1
8.033333E0	2.105994E-2	-2.716759E-1	-8.556738E1	-3.308775E1	-9.415839E1
8.066667E0	2.178698E-2	-2.721805E-1	-8.542346E1	-5.918392E1	-1.731726E2
8.100000E0	2.160572E-2	-2.725909E-1	-8.546818E1	-1.146777E2	1.497324E2
8.133333E0	2.143716E-2	-2.729419E-1	-8.550914E1	-9.162556E1	2.427346E1
8.166667E0	2.159000E-2	-2.731448E-1	-8.548061E1	-4.330486E1	-1.795240E1
8.200000E0	2.186918E-2	-2.733491E-1	-8.542582E1	-5.717433E1	-8.623770E1
8.233333E0	2.202975E-2	-2.738265E-1	-8.540037E1	-5.944134E1	1.303838E2
8.266667E0	2.224837E-2	-2.739913E-1	-8.535771E1	-4.639915E1	1.196385E2
8.300000E0	2.223452E-2	-2.740415E-1	-8.536143E1	-1.021073E2	1.766515E2
8.333333E0	2.222925E-2	-2.740805E-1	-8.536318E1	-1.439300E2	-1.569816E2
8.366667E0	2.198396E-2	-2.742240E-1	-8.541652E1	-1.486121E2	1.458918E2
8.400000E0	2.178487E-2	-2.743516E-1	-8.545996E1	-1.687858E2	7.097848E1
8.433333E0	2.160867E-2	-2.742984E-1	-8.549566E1	1.640212E2	1.225225E2
8.466667E0	2.144754E-2	-2.742550E-1	-8.552840E1	1.548907E2	1.752998E2
8.500000E0	2.101211E-2	-2.740188E-1	-8.561507E1	1.666235E2	-1.623211E2
8.533333E0	2.045808E-2	-2.740197E-1	-8.573027E1	1.733111E2	-1.816232E1
8.566667E0	2.016324E-2	-2.739193E-1	-8.579004E1	1.614963E2	-2.102667E1
8.600000E0	1.987760E-2	-2.738254E-1	-8.584805E1	-1.600310E2	-4.618661E1
8.633333E0	1.985799E-2	-2.740302E-1	-8.585522E1	-9.677259E1	-2.772041E1
8.666667E0	1.983306E-2	-2.742005E-1	-8.586297E1	-7.436735E1	3.256515E1
8.700000E0	1.994179E-2	-2.743297E-1	-8.584232E1	-5.438596E1	1.593762E2
8.733333E0	2.001429E-2	-2.744535E-1	-8.582914E1	-9.161515E1	-1.742047E2
8.766667E0	1.993420E-2	-2.745989E-1	-8.584796E1	-1.186354E2	6.636298E1
8.800000E0	1.985563E-2	-2.747440E-1	-8.586645E1	-6.973736E1	4.030488E1
8.833333E0	1.998496E-2	-2.747363E-1	-8.583950E1	4.335496E0	4.356312E1
8.866667E0	2.007279E-2	-2.747276E-1	-8.582115E1	-9.169323E-1	-1.552285E2
8.900000E0	2.015608E-2	-2.747391E-1	-8.580404E1	-9.714200E0	1.003875E2
8.933333E0	2.021955E-2	-2.747527E-1	-8.579109E1	3.927924E1	9.666525E1
8.966667E0	2.029567E-2	-2.746249E-1	-8.577334E1	5.907916E1	8.648947E1
9.000000E0	2.035209E-2	-2.745314E-1	-8.576019E1	5.394891E1	-1.468679E2
9.033333E0	2.043085E-2	-2.744392E-1	-8.574242E1	6.360550E1	-1.702776E2
9.066667E0	2.044519E-2	-2.743438E-1	-8.573797E1	1.511010E2	-1.684143E2
9.100000E0	2.019629E-2	-2.743097E-1	-8.578915E1	1.717689E2	-1.748980E2
9.133333E0	1.997380E-2	-2.742756E-1	-8.583485E1	1.683452E2	-1.684378E2
9.166667E0	1.969126E-2	-2.742056E-1	-8.589252E1	1.786286E2	-1.550204E2
9.200000E0	1.914788E-2	-2.742559E-1	-8.600623E1	-1.753929E2	-7.601383E0
9.233333E0	1.880872E-2	-2.742767E-1	-8.607704E1	1.798518E2	1.029850E1
9.266667E0	1.867337E-2	-2.742546E-1	-8.610487E1	1.698660E2	8.744953E1
9.300000E0	1.855299E-2	-2.742310E-1	-8.612957E1	1.681846E2	-1.784718E2
9.333333E0	1.821056E-2	-2.741578E-1	-8.619979E1	1.762699E2	-1.781607E2
9.366667E0	1.767946E-2	-2.741740E-1	-8.631053E1	1.789383E2	-1.781779E2
9.400000E0	1.682814E-2	-2.741322E-1	-8.648719E1	1.780379E2	1.693807E2
9.433333E0	1.588045E-2	-2.741124E-1	-8.668433E1	1.762570E2	1.732554E2
9.466667E0	1.475041E-2	-2.739963E-1	-8.691849E1	1.756960E2	1.782910E2
9.500000E0	1.323553E-2	-2.739133E-1	-8.723361E1	1.774865E2	-1.760512E2
9.533333E0	1.108149E-2	-2.738352E-1	-8.768264E1	1.787360E2	1.695246E2
9.566667E0	8.830137E-3	-2.738161E-1	-8.815294E1	1.761735E2	1.589836E2
9.600000E0	6.371406E-3	-2.735202E-1	-8.866559E1	1.730232E2	1.557701E2
9.633333E0	3.113547E-3	-2.731166E-1	-8.934685E1	1.703859E2	1.585463E2
9.666667E0	-5.079545E-4	-2.723549E-1	-9.010686E1	1.687515E2	1.418131E2
9.700000E0	-4.302109E-3	-2.716417E-1	-9.090734E1	1.672597E2	1.455607E2
9.733333E0	-8.247838E-3	-2.706049E-1	-9.174579E1	1.657110E2	1.645796E2
9.766667E0	-1.242303E-2	-2.695734E-1	-9.263855E1	1.672560E2	1.766217E2
9.800000E0	-1.668905E-2	-2.686958E-1	-9.355415E1	1.674876E2	1.580844E2
9.833333E0	-2.168880E-2	-2.675171E-1	-9.463509E1	1.655449E2	1.535805E2
9.866667E0	-2.695634E-2	-2.660490E-1	-9.578552E1	1.646771E2	1.485124E2
9.900000E0	-3.276925E-2	-2.644811E-1	-9.706296E1	1.635444E2	1.423498E2
9.933333E0	-3.880971E-2	-2.625479E-1	-9.840855E1	1.604975E2	1.418462E2
9.966667E0	-4.575104E-2	-2.598833E-1	-9.998430E1	1.588877E2	1.402713E2
1.000000E1	-5.332581E-2	-2.569430E-1	-1.017247E2	1.576695E2	8.967051E1
1.003333E1	-6.077873E-2	-2.537107E-1	-1.034719E2	1.546716E2	9.133900E1
1.006667E1	-6.777473E-2	-2.501043E-1	-1.051622E2	1.541086E2	9.639788E1
1.010000E1	-7.559744E-2	-2.465179E-1	-1.070487E2	1.518625E2	8.969851E1
1.013333E1	-8.277054E-2	-2.420847E-1	-1.088759E2	1.476829E2	8.274320E1
1.016667E1	-9.008320E-2	-2.373543E-1	-1.107833E2	1.464328E2	6.822971E1
1.020000E1	-9.762138E-2	-2.322300E-1	-1.128002E2	1.434244E2	2.530526E1
1.023333E1	-1.042283E-1	-2.268586E-1	-1.146760E2	1.416982E2	3.334547E1
1.026667E1	-1.109111E-1	-2.217338E-1	-1.165742E2	1.392182E2	4.818803E1
1.030000E1	-1.171867E-1	-2.156803E-1	-1.185168E2	1.354983E2	5.207380E1
1.033333E1	-1.230928E-1	-2.097621E-1	-1.204053E2	1.341996E2	3.377668E1
1.036667E1	-1.290844E-1	-2.034456E-1	-1.223948E2	1.315906E2	3.182930E0
1.040000E1	-1.344248E-1	-1.969944E-1	-1.243088E2	1.301302E2	-1.765648E1
1.043333E1	-1.395086E-1	-1.910797E-1	-1.261334E2	1.284367E2	-2.317916E1
1.046667E1	-1.439110E-1	-1.850415E-1	-1.278730E2	1.263881E2	3.546540E0
1.050000E1	-1.482406E-1	-1.792308E-1	-1.295939E2	1.258142E2	-2.711946E1
1.053333E1	-1.524930E-1	-1.731486E-1	-1.313706E2	1.253506E2	-4.555321E1
1.056667E1	-1.566325E-1	-1.674005E-1	-1.330967E2	1.256178E2	-4.149895E1
1.060000E1	-1.605545E-1	-1.618957E-1	-1.347617E2	1.242616E2	-2.446514E1
1.063333E1	-1.641416E-1	-1.563768E-1	-1.363878E2	1.215007E2	-3.012584E1
1.066667E1	-1.670705E-1	-1.512628E-1	-1.378428E2	1.206473E2	-2.710828E1
1.070000E1	-1.701508E-1	-1.462349E-1	-1.393228E2	1.195871E2	-6.946402E1
1.073333E1	-1.728460E-1	-1.410908E-1	-1.407759E2	1.199686E2	-5.651492E1
1.076667E1	-1.758473E-1	-1.363558E-1	-1.422092E2	1.206178E2	-5.751457E1
1.080000E1	-1.784939E-1	-1.315476E-1	-1.436103E2	1.188540E2	-3.744052E1
1.083333E1	-1.809524E-1	-1.270904E-1	-1.449180E2	1.186341E2	5.972500E-2
1.086667E1	-1.832931E-1	-1.227577E-1	-1.461884E2	1.156060E2	1.549961E1
1.090000E1	-1.853633E-1	-1.178866E-1	-1.475446E2	1.142919E2	-8.381253E0
1.093333E1	-1.874458E-1	-1.135568E-1	-1.487920E2	1.127431E2	8.985907E0
1.096667E1	-1.890637E-1	-1.090590E-1	-1.500221E2	1.095751E2	4.659343E1
1.100000E1	-1.907804E-1	-1.041793E-1	-1.513624E2	1.073978E2	5.579031E1
1.103333E1	-1.921195E-1	-9.930672E-2	-1.526655E2	1.040129E2	5.331974E1
1.106667E1	-1.933364E-1	-9.393775E-2	-1.540859E2	1.024047E2	4.062816E1
1.110000E1	-1.945004E-1	-8.848219E-2	-1.555382E2	9.945843E1	2.363257E1
1.113333E1	-1.951519E-1	-8.304027E-2	-1.569495E2	9.613049E1	-4.215689E0
1.116667E1	-1.957055E-1	-7.726213E-2	-1.584565E2	9.523479E1	-3.569925E1
1.120000E1	-1.961606E-1	-7.203054E-2	-1.598367E2	9.100466E1	-5.791780E1
1.123333E1	-1.958852E-1	-6.701679E-2	-1.611130E2	8.859542E1	-6.800037E1
1.126667E1	-1.959276E-1	-6.252788E-2	-1.623002E2	8.836365E1	-9.125046E1
1.130000E1	-1.956412E-1	-5.847583E-2	-1.633589E2	8.718011E1	-8.097692E1
1.133333E1	-1.955778E-1	-5.542709E-2	-1.641772E2	8.539498E1	-8.037428E1
1.136667E1	-1.951670E-1	-5.258857E-2	-1.649196E2	8.171204E1	-7.756809E1
1.140000E1	-1.947877E-1	-5.000323E-2	-1.656027E2	7.961873E1	-8.236552E1
1.143333E1	-1.943826E-1	-4.830678E-2	-1.660439E2	7.235265E1	-7.686299E1
1.146667E1	-1.937531E-1	-4.675112E-2	-1.664343E2	6.638746E1	-6.478406E1
1.150000E1	-1.931573E-1	-4.550392E-2	-1.667440E2	6.579176E1	1.095947E2
1.153333E1	-1.925435E-1	-4.406061E-2	-1.671107E2	6.990509E1	9.884838E1
1.156667E1	-1.920083E-1	-4.236342E-2	-1.675580E2	6.915711E1	-4.593877E1
1.160000E1	-1.914015E-1	-4.106109E-2	-1.678919E2	5.658297E1	-6.937622E1
1.163333E1	-1.903734E-1	-3.988551E-2	-1.681670E2	4.670270E1	-1.045979E2
1.166667E1	-1.896453E-1	-3.919728E-2	-1.683221E2	4.758789E1	-1.247661E2
1.170000E1	-1.891103E-1	-3.850277E-2	-1.684919E2	3.894901E1	-1.261102E2
1.173333E1	-1.888165E-1	-3.852735E-2	-1.684673E2	6.004862E-1	-1.180861E2
1.176667E1	-1.887111E-1	-3.849859E-2	-1.684694E2	-2.895971E1	-1.126252E2
1.180000E1	-1.885364E-1	-3.868239E-2	-1.684054E2	-4.591201E1	-7.485010E1
1.183333E1	-1.883781E-1	-3.884242E-2	-1.683492E2	-5.259390E1	-1.487241E2
1.186667E1	-1.881754E-1	-3.915443E-2	-1.682459E2	-8.337048E1	-1.552740E2
1.190000E1	-1.883091E-1	-3.943612E-2	-1.681719E2	-1.054404E2	1.799710E2
1.193333E1	-1.883481E-1	-3.977960E-2	-1.680742E2	-1.034013E2	1.308060E2
1.196667E1	-1.884579E-1	-4.006058E-2	-1.679992E2	-1.322597E2	1.307988E2
1.200000E1	-1.887177E-1	-4.018640E-2	-1.679787E2	-1.755825E2	-1.127330E2
1.203333E1	-1.891102E-1	-4.011098E-2	-1.680248E2	-1.279444E2	-5.939144E1
1.206667E1	-1.893827E-1	-4.103930E-2	-1.677730E2	-9.143328E1	-2.686633E1
1.210000E1	-1.891475E-1	-4.160149E-2	-1.675957E2	-7.032658E1	2.664298E1
1.213333E1	-1.889993E-1	-4.211165E-2	-1.674389E2	-8.331482E1	-1.233727E2
1.216667E1	-1.889899E-1	-4.294636E-2	-1.671974E2	-9.100642E1	-6.521360E1
1.220000E1	-1.890302E-1	-4.386994E-2	-1.669342E2	-8.133800E1	6.986648E1
1.223333E1	-1.887393E-1	-4.459076E-2	-1.667073E2	-8.109112E1	1.061286E2
1.226667E1	-1.888079E-1	-4.528802E-2	-1.665117E2	-9.024953E1	1.707845E2
1.230000E1	-1.887453E-1	-4.595802E-2	-1.663152E2	-1.012892E2	-1.231830E2
1.233333E1	-1.890705E-1	-4.660316E-2	-1.661534E2	-1.014822E2	-9.654336E1
1.236667E1	-1.890545E-1	-4.748000E-2	-1.659021E2	-9.451752E1	-1.105972E2
1.240000E1	-1.892303E-1	-4.862576E-2	-1.655887E2	-1.058724E2	1.765151E2
1.243333E1	-1.897303E-1	-4.985697E-2	-1.652768E2	-1.190615E2	1.523672E2
1.246667E1	-1.903510E-1	-5.064243E-2	-1.651017E2	-1.285438E2	1.593952E2
1.250000E1	-1.911580E-1	-5.164903E-2	-1.648803E2	-1.306083E2	-9.133412E1
1.253333E1	-1.920261E-1	-5.259626E-2	-1.646823E2	-1.182698E2	-7.569513E1
1.256667E1	-1.926393E-1	-5.440362E-2	-1.642297E2	-1.109200E2	-7.868254E1
1.260000E1	-1.933191E-1	-5.597889E-2	-1.638507E2	-1.091158E2	-1.696726E2
1.263333E1	-1.939343E-1	-5.813979E-2	-1.633117E2	-1.148985E2	-1.004549E2
1.266667E1	-1.950663E-1	-5.974296E-2	-1.629717E2	-1.120163E2	1.787249E2
1.270000E1	-1.956180E-1	-6.230387E-2	-1.623334E2	-1.101514E2	2.417677E1
1.273333E1	-1.966225E-1	-6.398370E-2	-1.619744E2	-1.162648E2	-1.507839E2
1.276667E1	-1.974348E-1	-6.598553E-2	-1.615196E2	-1.097792E2	-5.355315E1
1.280000E1	-1.982363E-1	-6.847136E-2	-1.609449E2	-9.658777E1	-4.990164E1
1.283333E1	-1.980716E-1	-7.149954E-2	-1.601515E2	-8.706736E1	-5.469969E1
1.286667E1	-1.979034E-1	-7.496837E-2	-1.592527E2	-8.645085E1	-8.620229E1
1.290000E1	-1.976208E-1	-7.876742E-2	-1.582688E2	-8.656425E1	-8.450339E1
1.293333E1	-1.974095E-1	-8.319623E-2	-1.571475E2	-8.647685E1	-7.991110E1
1.296667E1	-1.970622E-1	-8.784134E-2	-1.559749E2	-8.533841E1	-6.303288E1
1.300000E1	-1.966301E-1	-9.275427E-2	-1.547458E2	-8.398664E1	1.601097E1
1.303333E1	-1.959959E-1	-9.796349E-2	-1.534430E2	-8.226893E1	7.357060E1
1.306667E1	-1.953288E-1	-1.023397E-1	-1.523484E2	-7.930310E1	8.227524E1
1.310000E1	-1.944556E-1	-1.061175E-1	-1.513780E2	-7.658552E1	2.768875E1
1.313333E1	-1.936307E-1	-1.094598E-1	-1.505204E2	-7.328066E1	-3.729779E1
1.316667E1	-1.921899E-1	-1.136604E-1	-1.494001E2	-6.955218E1	-5.417841E1
1.320000E1	-1.904952E-1	-1.178694E-1	-1.482527E2	-6.835548E1	-5.481563E1
1.323333E1	-1.884597E-1	-1.230604E-1	-1.468563E2	-6.671862E1	-5.844281E1
1.326667E1	-1.858448E-1	-1.286771E-1	-1.453017E2	-6.539976E1	-4.760329E1
1.330000E1	-1.829421E-1	-1.351118E-1	-1.435523E2	-6.374276E1	-3.473476E1
1.333333E1	-1.794430E-1	-1.416545E-1	-1.417120E2	-6.065734E1	-2.660360E1
1.336667E1	-1.755052E-1	-1.483412E-1	-1.397947E2	-5.956992E1	-3.891947E1
1.340000E1	-1.713425E-1	-1.554448E-1	-1.377852E2	-5.783338E1	-2.794683E1
1.343333E1	-1.661232E-1	-1.632588E-1	-1.354982E2	-5.438885E1	-1.198902E1
1.346667E1	-1.602904E-1	-1.708759E-1	-1.331692E2	-5.244782E1	2.673223E1
1.350000E1	-1.543981E-1	-1.785104E-1	-1.308573E2	-4.984732E1	6.075139E1
1.353333E1	-1.478443E-1	-1.856286E-1	-1.285356E2	-4.750000E1	1.254693E2
1.356667E1	-1.417038E-1	-1.923638E-1	-1.263770E2	-4.944806E1	1.289595E2
1.360000E1	-1.366989E-1	-1.986542E-1	-1.245328E2	-4.782422E1	1.089924E2
1.363333E1	-1.314280E-1	-2.037061E-1	-1.228295E2	-4.526671E1	3.087871E1
1.366667E1	-1.259598E-1	-2.094938E-1	-1.210167E2	-4.530728E1	-1.138003E1
1.370000E1	-1.202928E-1	-2.149614E-1	-1.192314E2	-4.066383E1	-9.768902E0
1.373333E1	-1.130403E-1	-2.205921E-1	-1.171324E2	-3.674747E1	-1.402705E1
1.376667E1	-1.041338E-1	-2.270267E-1	-1.146402E2	-3.504614E1	1.985923E-1
1.380000E1	-9.517849E-2	-2.331206E-1	-1.122092E2	-3.293443E1	8.446764E1
1.383333E1	-8.578284E-2	-2.389142E-1	-1.097508E2	-3.007063E1	1.027962E2
1.386667E1	-7.692148E-2	-2.436913E-1	-1.075184E2	-2.832780E1	9.386912E1
1.390000E1	-6.812105E-2	-2.484351E-1	-1.053337E2	-2.719590E1	-1.160151E1
1.393333E1	-5.877821E-2	-2.530140E-1	-1.030785E2	-2.721032E1	9.668931E0
1.396667E1	-4.948199E-2	-2.580185E-1	-1.008562E2	-2.518388E1	1.899762E1
1.400000E1	-3.907351E-2	-2.622796E-1	-9.847341E1	-2.097157E1	4.939745E1
1.403333E1	-2.773827E-2	-2.663528E-1	-9.594541E1	-1.791977E1	1.142342E2
1.406667E1	-1.712698E-2	-2.693765E-1	-9.363797E1	-1.445280E1	1.316100E2
1.410000E1	-7.526988E-3	-2.715620E-1	-9.158768E1	-1.182904E1	1.573368E2
1.413333E1	1.927317E-3	-2.733672E-1	-8.959605E1	-1.244598E1	1.651958E2
1.416667E1	9.693691E-3	-2.753627E-1	-8.798383E1	-1.222099E1	1.451867E2
1.420000E1	1.716640E-2	-2.766678E-1	-8.644952E1	-6.301279E0	1.226065E2
1.423333E1	2.408327E-2	-2.769517E-1	-8.503015E1	-2.059784E0	1.487921E2
1.426667E1	3.065311E-2	-2.771529E-1	-8.368874E1	-7.736043E-1	1.676554E2
1.430000E1	3.601053E-2	-2.771127E-1	-8.259596E1	1.143843E0	1.781328E2
1.433333E1	4.093101E-2	-2.769477E-1	-8.159293E1	-7.352362E-2	-1.744662E2
1.436667E1	4.505040E-2	-2.771243E-1	-8.076655E1	-2.683600E0	-1.696461E2
1.440000E1	4.734879E-2	-2.772485E-1	-8.030847E1	-8.899909E0	-1.701579E2
1.443333E1	4.938471E-2	-2.778031E-1	-7.991990E1	-1.916779E1	-1.796134E2
1.446667E1	5.043201E-2	-2.783202E-1	-7.972937E1	-3.000040E1	1.658554E2
1.450000E1	5.055906E-2	-2.784811E-1	-7.970986E1	-5.417017E1	1.555064E2
1.453333E1	5.063724E-2	-2.786045E-1	-7.969876E1	-1.112713E2	1.349690E2
1.456667E1	5.051429E-2	-2.785961E-1	-7.972294E1	1.598147E2	1.097632E2
1.460000E1	5.045795E-2	-2.785386E-1	-7.973208E1	1.152369E2	1.485954E2
1.463333E1	5.032935E-2	-2.782037E-1	-7.974563E1	1.435829E2	-1.662062E2
1.466667E1	4.988370E-2	-2.781149E-1	-7.983135E1	1.549086E2	-3.103592E1
1.470000E1	4.983385E-2	-2.779717E-1	-7.983617E1	1.072921E2	4.539482E-1
1.473333E1	4.979774E-2	-2.778388E-1	-7.983863E1	4.360335E1	-5.259940E0
1.476667E1	5.007814E-2	-2.777391E-1	-7.977902E1	2.769401E1	-3.133318E1
1.480000E1	5.022923E-2	-2.776123E-1	-7.974426E1	2.146033E1	4.301563E0
1.483333E1	5.043296E-2	-2.775996E-1	-7.970308E1	1.543054E1	3.489596E1
1.486667E1	5.090191E-2	-2.774267E-1	-7.960308E1	2.788216E1	1.376861E2
1.490000E1	5.114801E-2	-2.772213E-1	-7.954635E1	4.840125E1	-1.798885E2
1.493333E1	5.125192E-2	-2.770324E-1	-7.951860E1	1.179482E2	-1.744866E2
1.496667E1	5.095256E-2	-2.768529E-1	-7.957186E1	1.492727E2	-1.291377E2
1.500000E1	5.070876E-2	-2.767096E-1	-7.961542E1	-1.788184E2	-1.183782E2
1.503333E1	5.049213E-2	-2.768624E-1	-7.966440E1	-1.694396E2	-1.636115E2
1.506667E1	5.001487E-2	-2.768389E-1	-7.975917E1	-1.757877E2	1.651048E2
1.510000E1	4.934739E-2	-2.769467E-1	-7.989686E1	-1.788114E2	-1.797609E2
1.513333E1	4.860308E-2	-2.768682E-1	-8.004341E1	1.797158E2	3.962543E1
1.516667E1	4.784481E-2	-2.769392E-1	-8.019817E1	1.775899E2	-9.599548E0
1.520000E1	4.737248E-2	-2.768164E-1	-8.028886E1	1.767036E2	-1.304040E2
1.523333E1	4.671867E-2	-2.768744E-1	-8.042236E1	-1.748660E2	-1.632048E2
1.526667E1	4.597727E-2	-2.769418E-1	-8.057385E1	1.799994E2	1.042840E2
1.530000E1	4.534962E-2	-2.768744E-1	-8.069804E1	1.793674E2	6.873023E1
1.533333E1	4.462037E-2	-2.769268E-1	-8.084678E1	-1.797169E2	-9.463239E0
1.536667E1	4.395040E-2	-2.768813E-1	-8.098048E1	1.791842E2	-7.388561E-1
1.540000E1	4.358883E-2	-2.769121E-1	-8.105445E1	-1.754478E2	-1.014479E1
1.543333E1	4.328927E-2	-2.769339E-1	-8.111564E1	-1.647117E2	-7.642562E0
1.546667E1	4.323549E-2	-2.770087E-1	-8.112885E1	-1.288200E2	1.091017E1
1.550000E1	4.317935E-2	-2.770705E-1	-8.114214E1	9.620281E-1	3.211953E1
1.553333E1	4.335916E-2	-2.770066E-1	-8.110382E1	2.018059E1	2.421899E1
1.556667E1	4.348222E-2	-2.769592E-1	-8.107747E1	1.657890E1	-6.762473E1
1.560000E1	4.368147E-2	-2.769107E-1	-8.103571E1	1.445887E1	1.860484E1
1.563333E1	4.383210E-2	-2.768690E-1	-8.100396E1	1.770383E1	2.770598E1
1.566667E1	4.412849E-2	-2.767680E-1	-8.094089E1	1.914854E1	1.773375E2
1.570000E1	4.440613E-2	-2.766697E-1	-8.088166E1	4.526261E1	-1.733085E2
1.573333E1	4.428166E-2	-2.766134E-1	-8.090497E1	1.525796E2	-1.641481E2
1.576667E1	4.419463E-2	-2.765599E-1	-8.092083E1	1.756107E2	-1.228025E2
1.580000E1	4.399233E-2	-2.765912E-1	-8.096270E1	-1.716656E2	-1.149188E2
1.583333E1	4.384948E-2	-2.766105E-1	-8.099218E1	-1.641540E2	-4.395556E1
1.586667E1	4.367821E-2	-2.766803E-1	-8.102902E1	-1.589131E2	-1.524431E1
1.590000E1	4.353660E-2	-2.767311E-1	-8.105925E1	-1.587559E2	2.042855E1
1.593333E1	4.343444E-2	-2.767751E-1	-8.108129E1	-1.575161E2	2.734090E1
1.596667E1	4.334245E-2	-2.768115E-1	-8.110103E1	-1.606832E2	4.079945E1
1.600000E1	4.323968E-2	-2.768434E-1	-8.112280E1	1.701938E2	3.784696E1
1.603333E1	4.325159E-2	-2.767958E-1	-8.111889E1	8.286112E1	4.444842E-1
1.606667E1	4.325053E-2	-2.767567E-1	-8.111787E1	6.219465E0	-3.605488E1
1.610000E1	4.337223E-2	-2.767827E-1	-8.109409E1	-1.205389E1	3.393749E1
1.613333E1	4.345802E-2	-2.768010E-1	-8.107734E1	2.856858E1	5.758861E1
1.616667E1	4.377846E-2	-2.765615E-1	-8.100497E1	3.936957E1	1.116375E2
1.620000E1	4.402386E-2	-2.763367E-1	-8.094814E1	6.958100E1	1.328492E2
1.623333E1	4.399801E-2	-2.759717E-1	-8.094160E1	8.206302E1	8.057573E1
1.626667E1	4.414485E-2	-2.754689E-1	-8.089556E1	7.091405E1	7.391194E1
1.630000E1	4.437584E-2	-2.748797E-1	-8.082945E1	7.846376E1	1.494468E2
1.633333E1	4.438622E-2	-2.742864E-1	-8.080783E1	9.258889E1	-1.600266E2
1.636667E1	4.431768E-2	-2.735935E-1	-8.079894E1	1.056751E2	-5.120213E1
1.640000E1	4.409109E-2	-2.732347E-1	-8.083337E1	8.664643E1	-3.576040E1
1.643333E1	4.436949E-2	-2.727094E-1	-8.075902E1	5.438507E1	-3.447323E1
1.646667E1	4.461292E-2	-2.725062E-1	-8.070239E1	1.889441E1	-7.424717E1
1.650000E1	4.509509E-2	-2.724610E-1	-8.060216E1	5.756634E0	-1.083872E2
1.653333E1	4.541454E-2	-2.724254E-1	-8.053557E1	-6.956880E-1	-1.584188E2
1.656667E1	4.565612E-2	-2.724678E-1	-8.048760E1	-8.578760E0	-1.611371E2
1.660000E1	4.589016E-2	-2.724972E-1	-8.044074E1	-7.802290E1	-1.662463E2
1.663333E1	4.569383E-2	-2.726456E-1	-8.048598E1	-1.401041E2	-1.649642E2
1.666667E1	4.556026E-2	-2.727730E-1	-8.051763E1	-1.435164E2	-1.581621E2
1.670000E1	4.529929E-2	-2.729374E-1	-8.057655E1	-1.452071E2	-1.373911E1
1.673333E1	4.509580E-2	-2.730957E-1	-8.062346E1	-6.925066E1	-2.698615E1
1.676667E1	4.545718E-2	-2.733541E-1	-8.055845E1	-5.622322E1	-1.764242E1
1.680000E1	4.556796E-2	-2.738016E-1	-8.055104E1	-6.830553E1	1.280756E2
1.683333E1	4.568532E-2	-2.739276E-1	-8.053143E1	-4.513144E1	1.287566E2
1.686667E1	4.579496E-2	-2.740297E-1	-8.051259E1	-9.572843E1	-1.754787E2
1.690000E1	4.566016E-2	-2.741784E-1	-8.054504E1	-1.302383E2	-1.136238E2
1.693333E1	4.555947E-2	-2.743079E-1	-8.056990E1	-9.992010E1	-3.408591E1
1.696667E1	4.559528E-2	-2.745494E-1	-8.057077E1	-5.918701E1	-3.908086E1
1.700000E1	4.600689E-2	-2.750581E-1	-8.050447E1	-5.653110E1	1.749552E2
