0.0333361 0.03856239 -0.0029909300000000028
0.05000415 0.07334034 -0.070020409
0.06667219 0.05861671 -0.000371880000000005
0.08334024 0.06133182 -0.00379206
0.1000083 0.06312759 -0.044014769999999995
0.1166763 0.04501582 -0.014520409999999997
0.1333444 0.00972166 0.17345814
0.1500124 -0.01195122 0.28507921999999997
0.1666805 0.01957104 0.16242376
0.1833485 0.02610061 0.10250189000000001
0.2000166 0.06420872 0.018420660000000005
0.2166846 0.09295731 0.05339479000000001
0.2333527 0.05971145 0.20125274999999998
0.2500207 0.04376378 0.22029372
0.2666888 0.03587728 0.36380742
0.2833568 0.06341724 0.39563726
0.3000249 0.0815441 0.3445586
0.3166929 0.1065923 0.3250244
0.333361 0.1156758 0.47475310000000004
0.350029 0.1537241 0.5103683
0.3666971 0.1942447 0.4066686
0.3833651 0.2042098 0.44423409999999997
0.4000332 0.3416768 0.18032700000000002
0.4167012 0.2773812 0.32370220000000005
0.4333693 0.1528688 0.6725078999999999
0.4500373 0.2871302 0.5137812
0.4667054 0.3450391 0.4316574
0.4833734 0.2456186 0.7233062
0.5000415 0.2893947 0.6456163
0.5167095 0.353876 0.5946837
0.5333776 0.4384852 0.3648268
0.5500456 0.4404347 0.39068869999999994
0.5667137 0.2919988 0.8248852
0.5833817 0.2780466 0.7232134000000001
0.6000498 0.258102 0.7314509
0.6167178 0.3806777 0.5291078
0.6333858 0.3596944 0.6615916
0.6500539 0.2107436 1.0064174
0.6667219 0.204172 0.9394469999999999
0.68339 0.2208025 0.8087395
0.700058 0.1366061 1.1010609
0.7167261 0.1597981 0.9951909000000001
0.7333941 0.2669618 0.7377442000000001
0.7500622 0.2055185 0.9250575000000001
0.7667302 0.1523319 1.0201240999999999
0.7833983 0.09653792 1.1994800799999998
0.8000663 0.09201779 1.16546321
0.8167344 0.1067363 1.0952107
0.8334024 0.1120686 1.1589234
0.8500705 0.07033047 1.3021445299999999
0.8667385 0.0583435 1.3804805
0.8834066 0.05850414 1.3548648600000002
0.9000746 0.08870094 1.28709506
0.9167427 0.1224897 1.2322213
0.9334107 0.1056515 1.1269355
0.9500788 0.0742665 1.2226415
0.9667468 0.1141299 1.4018541
0.9834149 0.2082308 1.1483752
1.000083 0.1765329 1.0753751
1.016751 0.1787351 1.2896889
1.033419 0.1952654 1.3279556
1.050087 0.1747995 1.2421245
1.066755 0.1503781 1.2140349000000001
1.083423 0.1550958 1.2202692
1.100091 0.1919183 1.2134377
1.116759 0.1449224 1.2845966
1.133427 0.1620154 1.1752266
1.150095 0.2177565 1.0594375
1.166763 0.2579873 1.0194417
1.183431 0.256731 1.105639
1.2001 0.1865164 1.2015286
1.216768 0.2407327 1.1065263
1.233436 0.2897937 0.9940683000000001
1.250104 0.3081258 0.8987662000000001
1.266772 0.3813066 0.7652273999999999
1.28344 0.2861539 0.8982821000000001
1.300108 0.2487356 1.2306724
1.316776 0.3373695 0.9584435000000001
1.333444 0.1561532 1.3247648
1.350112 0.1619322 1.5650608
1.36678 0.2562702 1.1859137999999998
1.383448 0.3035474 0.9441286
1.400116 0.383235 0.925791
1.416784 0.2852486 1.1143284
1.433452 0.3071789 1.0382141
1.45012 0.3789595 0.9069385
1.466788 0.40183 0.733248
1.483456 0.4631995 0.6062685000000001
1.500124 0.3909263 0.8595766999999999
1.516792 0.299941 1.048945
1.53346 0.3099913 0.9207657
1.550129 0.3631934 0.8390875999999999
1.566797 0.4428599 0.7164981000000001
1.583465 0.486926 0.6046819999999999
1.600133 0.5185577 0.4014936
1.616801 0.3792425 0.8247985
1.633469 0.3703327 0.7694532999999999
1.650137 0.3766369 0.6594281
1.666805 0.1813023 1.2553637
1.683473 0.2998491 0.8370499000000001
1.700141 0.5258549 0.2751445
1.716809 0.4323602 0.4764619
1.733477 0.2725294 0.8436146
1.750145 0.2119747 1.1036983
1.766813 0.2022296 1.0111254
1.783481 0.3532469 0.6777631
1.800149 0.4282331 0.6192829
1.816817 0.1022549 1.3669601
1.833485 0.1188221 1.2203409
1.850153 0.3345642 0.7106087999999999
1.866821 0.4075718 0.4105973
1.883489 0.2523671 0.9290528999999998
1.900158 0.2566823 1.0763357
1.916826 0.3125901 0.6233994
1.933494 0.1072508 1.1278252
1.950162 0.2553979 0.9731951000000001
1.96683 0.3005574 0.9358206
1.983498 0.3031766 0.7203124000000001
2.000166 0.3003157 0.7546293
2.016834 0.2334842 0.8373828
2.033502 0.2374392 0.6075156
2.05017 0.1984502 0.8162458
2.066838 0.2498278 0.6113149
2.083506 0.3025526 0.518607
2.100174 0.2831262 0.5748495
2.116842 0.1974331 0.44492089999999995
2.13351 0.1121235 0.6336193999999999
2.150178 0.1523501 0.7740404999999999
2.166846 0.27348 0.7670810000000001
2.183514 0.2244085 0.5589953
2.200182 0.1520444 0.5335862
2.21685 0.208001 0.7367972
2.233519 0.2859298 0.6248106999999999
2.250187 0.2054032 0.5603188
2.266855 0.1134096 0.626523
2.283523 0.2283362 0.6282531
2.300191 0.2898914 0.6261057
2.316859 0.3099531 0.6579066
2.333527 0.1767479 0.6942238999999999
2.350195 0.1046514 0.48258910000000005
2.366863 0.1598216 0.4012475
2.383531 0.2503451 0.5354955
2.400199 0.2462418 0.5857429000000001
2.416867 0.2113374 0.6701564
2.433535 0.1767288 0.7001272
2.450203 0.1120972 0.5164593
2.466871 0.1724227 0.5704577
2.483539 0.09686638 0.43619381999999995
2.500207 0.100731 0.3045978
2.516875 0.1445243 0.5038714
2.533543 0.07373153 0.36836407
2.550211 0.03776583 0.33769287
2.566879 0.03883407 0.31808193
2.583548 0.060691 0.2489517
2.600216 0.04857174 0.19638326
2.616884 0.03775284 0.06500806
2.633552 0.01073962 0.04081538
2.65022 -0.007508066 0.068050556
2.666888 -0.00837794 0.005095536
2.683556 -0.03424405 -0.033991240000000006
2.700224 -0.02105999 -0.14106391
2.716892 -0.02499174 -0.31148716000000004
2.73356 -0.08374208 -0.34298272
2.750228 -0.08020993 -0.27407287
2.766896 -0.0245315 -0.27273000000000003
2.783564 -0.04175954 -0.31548276000000003
2.800232 -0.08686224 -0.26349446000000004
2.8169 -0.0851403 -0.3148335
2.833568 -0.04872992 -0.38398288
2.850236 -0.01539101 -0.37044729000000004
2.866904 -0.04069063 -0.43390627
2.883572 -0.05497971 -0.45322538999999995
2.90024 -0.09028948 -0.55839202
2.916909 -0.1392096 -0.640984
2.933577 -0.1323146 -0.6328145000000001
2.950245 -0.152592 -0.7632809
2.966913 -0.1604356 -0.8627734
2.983581 -0.1509409 -0.7524787
3.000249 -0.2470983 -0.7716826999999999
3.016917 -0.2753902 -0.7261768000000002
3.033585 -0.1979273 -0.8945336999999999
3.050253 -0.1723866 -1.0432124
3.066921 -0.2590134 -0.8762636000000001
3.083589 -0.3138064 -0.8886745999999999
3.100257 -0.3222252 -0.9439828
3.116925 -0.3149651 -0.8445488999999999
3.133593 -0.2798877 -0.6592924
3.150261 -0.292367 -0.767963
3.166929 -0.2768244 -0.7797746000000001
3.183597 -0.3210278 -0.7144802000000001
3.200265 -0.3310412 -0.8276328
3.216933 -0.2547232 -0.8425158000000001
3.233601 -0.262634 -0.7289943999999999
3.250269 -0.2755563 -0.7277026999999999
3.266938 -0.339254 -0.7037580000000001
3.283606 -0.371574 -0.5913120000000001
3.300274 -0.3025518 -0.6034779000000001
3.316942 -0.2794401 -0.8888099
3.33361 -0.2375199 -0.9634241
3.350278 -0.308054 -0.6822793
3.366946 -0.4292815 -0.4183884
3.383614 -0.3277526 -0.48946609999999996
3.400282 -0.2132158 -0.7898002
3.41695 -0.3090907 -0.6980972999999999
3.433618 -0.372326 -0.679753
3.450286 -0.2688106 -0.9068934000000001
3.466954 -0.189591 -1.008611
3.483622 -0.2556316 -0.8846383999999998
3.50029 -0.3905909 -0.5962824
3.516958 -0.3317019 -0.6647408
3.533626 -0.3062797 -0.8294913000000002
3.550294 -0.297344 -1.018498
3.566962 -0.2540162 -1.0969037999999998
3.58363 -0.4065415 -0.7728925000000001
3.600299 -0.3121067 -0.9622132999999999
3.616967 -0.2411426 -1.2042013999999999
3.633635 -0.4716417 -0.7867633
3.650303 -0.3858177 -0.9939792999999999
3.666971 -0.4119179 -0.8078581
3.683639 -0.4849773 -0.7309057000000001
3.700307 -0.3395737 -1.2391453000000001
3.716975 -0.4274983 -0.7927577
3.733643 -0.3952999 -0.9150371000000002
3.750311 -0.3528478 -1.1154962000000002
3.766979 -0.3965093 -0.8266257000000001
3.783647 -0.2640287 -1.2339843
3.800315 -0.3236441 -1.1329249
3.816983 -0.3546164 -1.0255746
3.833651 -0.309966 -0.9312819999999999
3.850319 -0.2595783 -1.1342747
3.866987 -0.306906 -1.148584
3.883655 -0.3794453 -0.9577267
3.900323 -0.2792913 -1.2299566999999998
3.916991 -0.3363917 -1.0030942999999999
3.933659 -0.282674 -1.1585809999999999
3.950328 -0.3626852 -0.8375927999999999
3.966996 -0.4214659 -0.6908941
3.983664 -0.1969109 -1.5071761
4.000332 -0.1892683 -1.5477317000000002
4.017 -0.3895068 -0.9747142
4.033668 -0.3807216 -1.0410974
4.050336 -0.3527091 -0.9280208999999999
4.067004 -0.3729466 -0.9193404
4.083672 -0.3730912 -0.8666738
4.10034 -0.3816554 -0.7925555999999999
4.117008 -0.2964708 -1.0611512
4.133676 -0.2395498 -1.0281092
4.150344 -0.32547 -0.7488600000000001
4.167012 -0.3588089 -0.7437661000000001
4.18368 -0.3027891 -0.8080308999999999
4.200348 -0.3339372 -0.6671507999999999
4.217016 -0.27178 -0.863452
4.233684 -0.1971596 -0.8584533999999999
4.250352 -0.1821424 -0.9438346
4.26702 -0.2059281 -0.9234529
4.283689 -0.2489692 -0.6951287
4.300357 -0.25088 -0.623803
4.317025 -0.244805 -0.6388878
4.333693 -0.182502 -0.7687192
4.350361 -0.09553736 -0.84632654
4.367029 -0.1542156 -0.8181152
4.383697 -0.1852076 -0.7340369
4.400365 -0.1109505 -0.7524328
4.417033 -0.09936191 -0.65073169
4.433701 -0.1659541 -0.6502884
4.450369 -0.1189254 -0.7710400000000001
4.467037 -0.09250658 -0.70031092
4.483705 -0.2058646 -0.5706788
4.500373 -0.2254923 -0.46955440000000004
4.517041 -0.1449999 -0.4600465
4.533709 -0.1181194 -0.5806137
4.550377 -0.1199346 -0.5837564
4.567045 -0.131432 -0.5102119
4.583713 -0.1547477 -0.46811969999999997
4.600381 -0.1260064 -0.4557084
4.617049 -0.1465623 -0.41114399999999995
4.633718 -0.2182598 -0.15336660000000002
4.650386 -0.1774275 -0.25767320000000005
4.667054 -0.1895978 -0.3709087999999999
4.683722 -0.2706399 -0.1341928
4.70039 -0.1841561 -0.2756592
4.717058 -0.1205788 -0.4391262
4.733726 -0.1292413 -0.17003610000000002
4.750394 -0.1133268 -0.2714565
4.767062 -0.1190208 -0.5257362
4.78373 -0.183439 -0.34805279999999994
4.800398 -0.1871078 -0.33870970000000006
4.817066 -0.2054555 -0.33876850000000003
4.833734 -0.2363675 -0.2622297
4.850402 -0.1912773 -0.3761808
4.86707 -0.2225259 -0.30253690000000005
4.883738 -0.2049199 -0.2596316
4.900406 -0.191275 -0.3273707
4.917074 -0.24178 -0.2651894
4.933742 -0.2726792 -0.05773410000000001
4.95041 -0.2642595 -0.0664111
4.967078 -0.2830545 -0.09777980000000003
4.983747 -0.2145562 -0.19182760000000001
5.000415 -0.09620689 -0.44179471
5.017083 -0.2059688 -0.2070612
5.033751 -0.2057774 -0.204826
5.050419 -0.1247174 -0.45862990000000003
5.067087 -0.08693747 -0.63739173
5.083755 -0.05465612 -0.64063728
5.100423 -0.0889482 -0.4805174
5.117091 -0.09994233 -0.40157787
5.133759 -0.07231868 -0.53489862
5.150427 -0.0568499 -0.5797044
5.167095 -0.05778849 -0.48294441
5.183763 -0.03992783 -0.52043957
5.200431 -0.03652023 -0.55595167
5.217099 -0.006483365 -0.709754735
5.233767 0.02130295 -0.78082035
5.250435 0.0104883 -0.7660623
5.267103 0.02511582 -0.78818252
5.283771 0.04328927 -0.75570957
5.300439 0.0392342 -0.7801051999999999
5.317108 0.05616026 -0.91261036
5.333776 0.06631389 -0.88473319
5.350444 0.05644708 -0.75954058
5.367112 0.05686282 -0.8040411199999999
5.38378 0.05149403 -0.78001183
5.400448 0.05397442 -0.73290082
5.417116 0.04385218 -0.64422468
5.433784 0.01273742 -0.60499602
5.450452 0.009730304 -0.652331504
5.46712 0.01987773 -0.57328003
5.483788 0.01035926 -0.46638125999999996
5.500456 -0.0459263 -0.37990809999999997
5.517124 -0.03941353 -0.34969467
5.533792 -0.02858765 -0.27970235
5.55046 -0.06051594 -0.17289136000000002
5.567128 -0.06281895 -0.16051775000000001
5.583796 -0.04887346 -0.18333944
5.600464 -0.05306479 -0.09681471
5.617132 -0.09364981 -0.0044006999999999935
5.6338 -0.0981466 0.05587886
5.650468 -0.07492054 0.07006272999999999
5.667137 -0.1025915 0.11095252
5.683805 -0.1290571 0.11401453
5.700473 -0.08301502 0.03699018999999999
5.717141 -0.08039093 0.04887579
5.733809 -0.06629299 0.039280409999999995
5.750477 -0.03936301 0.022187079999999998
5.767145 -0.04721789 0.002536150000000001
5.783813 -0.04116153 0.02151346
5.800481 -0.01192862 -0.04221427
5.817149 0.008694346 -0.081918156
5.833817 -0.007389146 -0.033436144
5.850485 -0.01252062 -0.06095703000000001
5.867153 0.003293848 -0.10382374800000001
5.883821 0.02197715 -0.15502825
5.900489 0.0005730518 -0.0940570018
5.917157 -0.02672913 -0.0011657799999999982
5.933825 -0.02649898 -0.007284949999999998
5.950493 -0.01451446 -0.07147867
5.967161 -0.01663393 -0.005150639999999998
5.983829 -0.02004247 0.029434002
6.000498 -0.03707565 0.039911675
6.017166 -0.05919261 0.09513397
6.033834 -0.02003928 0.0021680399999999996
6.050502 -0.005550181 -0.013131458999999998
6.06717 -0.00930152 -0.017868369999999998
6.083838 0.001732067 -0.033580006999999995
6.100506 -0.00783153 -0.0008868220000000007
6.117174 0.008622112 -0.041168532
6.133842 0.0001515764 -0.0333578464
6.15051 -0.03397848 0.040769108
6.167178 -0.03250405 0.06592905
6.183846 -0.01772895 0.03935141
6.200514 -0.01021323 0.014605982
6.217182 -0.007043714 0.006440788100000001
6.23385 -0.0001779904 -0.0089419346
6.250518 -0.006775123 -0.011202436999999999
6.267186 -0.006853545 -0.008290835
6.283854 0.004191871 -0.031650581
6.300522 0.0002318705 -0.0312491105
6.31719 -0.003596221 -0.021161709
6.333858 0.005686243 -0.040980243
6.350527 0.01428494 -0.03122794
6.367195 0.001034153 -0.015998423
6.383863 -0.001467923 -0.040564026999999996
6.400531 -0.0004746385 -0.0202946715
6.417199 -0.004666162 0.007241905
6.433867 0.0008047541 -0.0104419631
6.450535 -0.01128109 -0.010200560000000001
6.467203 -0.02413189 0.014987918999999999
6.483871 -0.01825684 0.009301051
6.500539 -0.01856644 -0.00748942
6.517207 -0.009792149 -0.029002261
6.533875 -0.0007172091 -0.0338374909
6.550543 -0.006555075 -0.0003988280000000004
6.567211 -0.01220989 0.0015858599999999997
6.583879 -0.004442936 -0.038962764
6.600547 -0.009254033 -0.048263527
6.617215 -0.04262537 0.027262530000000004
6.633883 -0.04127904 0.050409343
6.650551 -0.03345077 0.03633616
6.667219 -0.03040571 0.034622241
6.683888 -0.01421517 -0.0062445999999999995
6.700556 0.001190028 -0.056066358000000004
6.717224 0.003161428 -0.06832440799999999
6.733892 -0.03840104 0.041395911
6.75056 -0.0432312 0.07101687
6.767228 -0.01234417 -0.01829678
6.783896 -0.01157302 -0.025034030000000002
6.800564 -0.008650747 -0.033431173
6.817232 -0.003111588 -0.032211442
6.8339 -0.003666804 -0.0031714259999999998
6.850568 0.005659123 -0.025713573000000003
6.867236 -0.00671636 -0.020877359999999998
6.883904 0.01205573 -0.05370216
6.900572 0.0231682 -0.04918098
6.91724 -0.003422786 0.00185676
6.933908 0.008432885 -0.028901314999999997
6.950576 0.005656842 -0.009379855999999999
6.967244 0.01503371 -0.029510559999999998
6.983912 0.02432808 -0.048938609999999994
7.00058 0.01059589 -0.012866759
7.017248 0.01179006 -0.005428649
7.033917 0.02443193 -0.029541657
7.050585 0.02563885 -0.07172655
7.067253 0.01948101 -0.06210273
7.083921 0.0167597 -0.005233449999999999
7.100589 0.01875459 0.0005469899999999972
7.117257 0.02649346 -0.0266620149
7.133925 0.01095667 0.0009101400000000003
7.150593 0.01851313 -0.024923989
7.167261 0.03092748 -0.029771142
7.183929 0.02200053 -0.003039400000000001
7.200597 0.02792614 -0.021453980999999997
7.217265 0.03313813 -0.015489490000000002
7.233933 0.03514115 0.06281417
7.250601 0.03364476 0.07379253999999999
7.267269 0.04395022 0.034494220000000006
7.283937 0.05435233 0.04754447
7.300605 0.06143548 0.05199901999999999
7.317273 0.07573081 0.06838229
7.333941 0.1393618 0.031858
7.350609 0.2640339 -0.12116629999999998
7.367278 0.2610547 -0.08840199999999998
7.383946 0.1380059 0.14159990000000003
7.400614 0.2563995 -0.03668940000000001
7.417282 0.360143 -0.12177189999999999
7.43395 0.3501745 -0.129166
7.450618 0.3697102 -0.2591858
7.467286 0.2931703 0.03638610000000003
7.483954 0.3606596 -0.020390800000000042
7.500622 0.4062805 -0.0690884
7.51729 0.4021114 0.038267899999999966
7.533958 0.4540218 -0.03384759999999998
7.550626 0.4794569 -0.03986200000000001
7.567294 0.5189693 -0.12160279999999996
7.583962 0.5230872 -0.12687879999999996
7.60063 0.5441819 -0.021288500000000043
7.617298 0.4894702 0.15736709999999993
7.633966 0.5934737 0.024215399999999998
7.650634 0.6087412 0.05923220000000007
7.667302 0.4434588 0.31436800000000004
7.68397 0.5748665 0.09072560000000007
7.700638 0.7138818 -0.16339080000000006
7.717307 0.7023506 -0.08449590000000007
7.733975 0.7185023 0.008688999999999947
7.750643 0.6803276 0.06088709999999997
7.767311 0.6849239 0.09720469999999992
7.783979 0.7726281 0.03861759999999992
7.800647 0.7070572 0.11062229999999995
7.817315 0.673601 0.20016100000000003
7.833983 0.8837685 -0.09113589999999994
7.850651 0.8831236 -0.026831099999999997
7.867319 0.8025028 0.1387952
7.883987 0.9132851 -0.0672313
7.900655 0.8599054 0.12419709999999995
7.917323 0.9091312 0.10900679999999996
7.933991 0.9662768 -0.0679010000000001
7.950659 0.8548751 0.18565890000000007
7.967327 0.8483054 0.3472246
7.983995 0.9530792 0.13666279999999997
8.000663 0.9330745 0.14498349999999993
8.017331 0.9214029 0.19212909999999994
8.033999 0.9647222 0.1334708
8.050667 0.9296986 0.16269739999999988
8.067336 0.7825239 0.39964109999999986
8.084004 0.9037977 0.23579629999999996
8.100672 0.9742425 0.07274250000000004
8.11734 0.893938 0.13198199999999993
8.134008 0.8821149 0.12629710000000005
8.150676 0.8330425 0.22578749999999992
8.167344 0.9663161 -0.005947099999999983
8.184012 0.8989954 0.14700259999999998
8.20068 0.8778547 0.12163570000000001
8.217348 0.8944402 0.07122189999999995
8.234016 0.8128331 0.21444090000000005
8.250684 0.8785019 0.061337000000000086
8.267352 0.9573207 -0.06432530000000003
8.28402 0.8505119 0.051174799999999965
8.300688 0.9218612 -0.04945120000000003
8.317356 0.9951263 -0.17702680000000004
8.334024 0.8922505 0.009002200000000071
8.350692 0.9876746 -0.1593741999999999
8.36736 0.9896906 -0.2422322
8.384028 0.8956073 0.0073328999999999755
8.400697 0.9550545 -0.053705400000000014
8.417365 1.02844 -0.26935620000000005
8.434033 1.069762 -0.40769050000000007
8.450701 1.130744 -0.5076071999999999
8.467369 1.018694 -0.2510004
8.484037 0.8402412 0.11773139999999993
8.500705 0.8837307 0.03150209999999998
8.517373 0.9930553 -0.20175659999999995
8.534041 0.9951254 -0.20202390000000003
8.550709 1.061618 -0.3763335
8.567377 1.086106 -0.47065599999999996
8.584045 1.027696 -0.33102319999999996
8.600713 0.8745072 0.04681589999999991
8.617381 0.947309 -0.07087779999999999
8.634049 1.090319 -0.4032606000000001
8.650717 0.9441694 -0.14172410000000002
8.667385 0.8377014 0.059003999999999945
8.684053 0.8347612 0.11119440000000003
8.700721 0.9630838 -0.11504270000000005
8.717389 0.9765476 -0.19752589999999992
8.734057 0.906103 -0.01701089999999994
8.750726 0.9832469 -0.15093690000000004
8.767394 1.040555 -0.31890989999999986
8.784062 0.988471 -0.11628819999999995
8.80073 0.8594165 0.12483939999999993
8.817398 0.8892728 0.027225100000000002
8.834066 0.9914138 -0.1101223
8.850734 1.084339 -0.36322509999999997
8.867402 1.00778 -0.1808502999999999
8.88407 0.892318 0.13865700000000003
8.900738 0.9521463 -0.052189299999999994
8.917406 0.9493602 -0.06375419999999998
8.934074 0.9995643 -0.10514859999999993
8.950742 1.029049 -0.17951620000000013
8.96741 0.9210969 0.04284129999999997
8.984078 0.8872155 0.15160150000000006
9.000746 0.9284618 0.0058314999999999895
9.017414 1.011822 -0.20507379999999997
9.034082 1.08636 -0.37877320000000003
9.05075 1.013649 -0.23854620000000004
9.067418 0.9442146 -0.12228910000000004
9.084087 0.985818 -0.36709939999999996
9.100755 1.013793 -0.49836479999999994
9.117423 0.9177552 -0.30749519999999997
9.134091 0.8274888 -0.17914589999999997
9.150759 0.8109759 -0.1828672
9.167427 0.8048298 -0.29334270000000007
9.184095 0.9154794 -0.6191182000000001
9.200763 0.7089315 -0.20145220000000008
9.217431 0.5460298 0.046758599999999984
9.234099 0.6878802 -0.34164370000000005
9.250767 0.6240223 -0.2654477
9.267435 0.5393545 -0.11533339999999997
9.284103 0.5336368 -0.18216110000000002
9.300771 0.5566554 -0.2549577
9.317439 0.4467357 -0.13448550000000004
9.334107 0.3681158 -0.04966539999999997
9.350775 0.4044527 -0.11190719999999998
9.367443 0.406658 -0.22563570000000002
9.384111 0.42982 -0.3076057
9.400779 0.4422986 -0.29492569999999996
9.417447 0.3930594 -0.2450801
9.434116 0.2911025 -0.10087649999999998
9.450784 0.130115 0.21782339999999997
9.467452 0.2802334 -0.10840740000000001
9.48412 0.2850463 -0.15160819999999997
9.500788 0.2393877 -0.05348140000000001
9.517456 0.4127344 -0.41576346200000003
9.534124 0.2320887 -0.08842750000000002
9.550792 0.1033609 0.18536339999999998
9.56746 0.1552286 0.05457790000000001
9.584128 0.2379831 -0.16783673999999998
9.600796 0.2204743 -0.16452481000000002
9.617464 0.01621196 0.22404444
9.634132 -0.02007393 0.25414083
9.6508 0.05145487 0.06603053
9.667468 0.07392289 -0.023513380000000007
9.684136 -0.01550789 0.13636669
9.700804 -0.003519373 0.08987706300000001
9.717472 0.1079083 -0.16854016
9.73414 0.06201813 -0.09613323
9.750808 0.0104764 -0.013955074000000001
9.767477 0.01141448 -0.02855995
9.784145 0.1004483 -0.2067612
9.800813 0.009397893 -0.035584993
9.817481 -0.07966861 0.10052739
9.834149 0.003741248 -0.108989548
9.850817 0.03230141 -0.16759771
9.867485 0.0242206 -0.13816610000000001
9.884153 -0.04830819 -0.04862334
9.900821 -0.1436688 0.07830777000000001
9.917489 -0.2198662 0.19670262000000002
9.934157 -0.1597502 0.038840500000000014
9.950825 -0.1064046 -0.10743199999999999
9.967493 -0.1764975 0.038227800000000006
9.984161 -0.2025644 0.0677132
10.00083 -0.2210682 0.031257499999999994
10.0175 -0.3392777 0.2596761
10.03417 -0.3378811 0.19233309999999998
10.05083 -0.2396114 -0.09767319999999999
10.0675 -0.2597816 -0.0956225
10.08417 -0.3896432 0.15203280000000002
10.10084 -0.3663649 0.061794199999999966
10.11751 -0.4323915 0.12610519999999997
10.13417 -0.4557582 0.09587269999999998
10.15084 -0.4081394 -0.019298700000000002
10.16751 -0.4996899 0.15793280000000004
10.18418 -0.6032513 0.29288450000000005
10.20085 -0.5371151 0.07245449999999998
10.21751 -0.4913555 -0.09874390000000005
10.23418 -0.497819 -0.08652740000000003
10.25085 -0.4313325 -0.2651137
10.26752 -0.6227044 0.07591049999999999
10.28419 -0.6847388 0.16069080000000002
10.30085 -0.6230363 -0.015990300000000013
10.31752 -0.6542458 0.007185899999999967
10.33419 -0.6334196 -0.02110640000000008
10.35086 -0.6903123 0.07726739999999999
10.36753 -0.7778915 0.21509389999999995
10.38419 -0.7139293 0.0021501000000000436
10.40086 -0.7500571 0.0451068
10.41753 -0.8091486 0.20475140000000003
10.4342 -0.7969104 0.1227049
10.45087 -0.76329 0.018288900000000052
10.46753 -0.7995109 0.11537819999999999
10.4842 -0.886151 0.23604930000000002
10.50087 -0.7850002 0.02329670000000006
10.51754 -0.7990136 0.07111860000000003
10.53421 -0.97552 0.3428534000000001
10.55087 -0.9011654 0.2093157
10.56754 -0.8846114 0.1470901
10.58421 -0.9032559 0.137718
10.60088 -0.890724 0.12829819999999992
10.61755 -0.9298794 0.18337000000000003
10.63422 -0.9177922 0.12783879999999992
10.65088 -0.9974631 0.3070788000000001
10.66755 -0.9556635 0.17590490000000003
10.68422 -0.9128116 0.1343913
10.70089 -0.9281489 0.12735960000000002
10.71756 -0.8251971 -0.16531969999999996
10.73422 -0.9506464 0.12489019999999995
10.75089 -1.025893 0.24721499999999996
10.76756 -1.003793 0.2537067999999999
10.78423 -1.032698 0.32128999999999985
10.8009 -0.9258076 0.018214399999999964
10.81756 -0.9924909 0.12168059999999992
10.83423 -1.059126 0.2791015
10.8509 -0.9259733 0.008280399999999966
10.86757 -0.9241347 0.037768899999999994
10.88424 -1.028937 0.2874426
10.9009 -1.035511 0.2500599000000001
10.91757 -0.8886268 0.01967300000000005
10.93424 -0.9099423 0.08941759999999999
10.95091 -0.9374112 0.0700212
10.96758 -0.8573359 -0.00040319999999993694
10.98424 -0.8594915 0.07792359999999998
11.00091 -0.8928624 0.1238959999999999
11.01758 -0.8856773 0.09625050000000002
11.03425 -0.8069655 -0.13045249999999997
11.05092 -0.854676 0.01868139999999996
11.06758 -0.7263821 -0.10889479999999996
11.08425 -0.7903364 0.04762910000000009
11.10092 -0.831601 0.09263840000000001
11.11759 -0.7564069 -0.051334199999999996
11.13426 -0.8586136 0.16727720000000001
11.15092 -0.8114989 0.06789659999999997
11.16759 -0.7611657 0.013925799999999988
11.18426 -0.6994451 -0.08674669999999995
11.20093 -0.7762727 0.05420130000000001
11.2176 -0.7995814 0.17369469999999998
11.23426 -0.7892433 0.18877999999999995
11.25093 -0.7826227 0.10526369999999996
11.2676 -0.7879945 0.14555510000000005
11.28427 -0.8318952 0.24208019999999997
11.30094 -0.6993993 0.0021302999999999184
11.31761 -0.6585113 -0.08518049999999999
11.33427 -0.7107128 0.026750900000000022
11.35094 -0.7753443 0.14011609999999997
11.36761 -0.7943456 0.09829690000000002
11.38428 -0.8173311 0.18205169999999993
11.40095 -0.732576 0.06143260000000006
11.41761 -0.7563739 0.13537300000000008
11.43428 -0.7921095 0.17878110000000003
11.45095 -0.6434738 -0.11033029999999999
11.46762 -0.7282215 0.10327239999999993
11.48429 -0.7603781 0.13735829999999993
11.50095 -0.6604546 0.018947999999999965
11.51762 -0.6799357 0.1766976
11.53429 -0.6269691 0.03562719999999997
11.55096 -0.6278478 0.05881179999999997
11.56763 -0.6576222 0.20031990000000005
11.58429 -0.5756899 0.018963899999999922
11.60096 -0.5714667 0.03520400000000001
11.61763 -0.5632933 0.125263
11.6343 -0.5777375 0.1289572
11.65097 -0.5962223 0.1402873
11.66763 -0.4927243 0.013479699999999983
11.6843 -0.4579216 -0.04657850000000002
11.70097 -0.5909659 0.19271530000000003
11.71764 -0.6498175 0.28799050000000004
11.73431 -0.5914737 0.15543469999999998
11.75097 -0.441847 -0.11457340000000005
11.76764 -0.514847 0.005192200000000091
11.78431 -0.5649398 0.15870420000000002
11.80098 -0.3882349 -0.15364819999999996
11.81765 -0.5659518 0.059370900000000004
11.83431 -0.7336299 0.37388759999999993
11.85098 -0.682117 0.32838819999999996
11.86765 -0.5047452 -0.05551220000000001
11.88432 -0.4310406 -0.1935502
11.90099 -0.5438133 0.04124070000000002
11.91765 -0.5795896 0.18788280000000002
11.93432 -0.5226593 -0.0051666999999999685
11.95099 -0.6001233 0.0808873
11.96766 -0.5728642 0.09893190000000007
11.98433 -0.5387814 0.02454489999999998
12.001 -0.6024135 0.087372
12.01766 -0.6107655 0.0415548
12.03433 -0.6598374 0.16072370000000002
12.051 -0.717015 0.23395449999999995
12.06767 -0.7461825 0.25849
12.08434 -0.5889217 -0.08741949999999998
12.101 -0.6129203 -0.005618500000000082
12.11767 -0.5173381 -0.21232319999999993
12.13434 -0.5509766 -0.2183704999999999
12.15101 -0.6996952 0.16701159999999993
12.16768 -0.6093676 0.07938339999999999
12.18434 -0.5636629 -0.012154300000000062
12.20101 -0.6475448 0.15264020000000006
12.21768 -0.6458168 0.16869889999999998
12.23435 -0.5827629 0.03241169999999993
12.25102 -0.7001509 0.3667666
12.26768 -0.6380685 0.15197770000000005
12.28435 -0.5901966 0.03039219999999998
12.30102 -0.685152 0.36494689999999996
12.31769 -0.6032648 0.12713360000000007
12.33436 -0.4615366 -0.15302500000000002
12.35102 -0.4446279 -0.0842002
12.36769 -0.553379 0.09704709999999994
12.38436 -0.5079037 0.010525699999999971
12.40103 -0.5318314 0.12770469999999995
12.4177 -0.5819913 0.227366
12.43436 -0.3887164 -0.015235499999999957
12.45103 -0.253553 -0.2301089
12.4677 -0.2908168 -0.20441150000000002
12.48437 -0.3301937 -0.09682790000000002
12.50104 -0.210012 -0.2121272
12.5177 -0.1144145 -0.37894530000000004
12.53437 -0.1521808 -0.2578467
12.55104 -0.1738002 -0.0572183
12.56771 -0.07279661 -0.20800149
12.58438 -0.05221223 -0.29809527
12.60104 -0.04284793 -0.15503047
12.61771 -0.00910861 -0.11773529
12.63438 -0.03624642 -0.07678548
12.65105 -0.03457974 0.024901490999999998
12.66772 -0.0682762 0.12601835
12.68439 -0.04382585 0.0831227
12.70105 -0.009307323 -0.008626057
12.71772 -0.006598343 -0.014404817
12.73439 0.02926798 -0.07076505
12.75106 0.007114916 -0.020481936
12.76773 0.005166705 -0.0017690359999999999
12.78439 -0.005117967 -0.005045863
12.80106 0.002161033 -0.008283301
12.81773 0.01723287 -0.00690375
12.8344 0.003872287 -0.012848591
12.85107 0.01370573 -0.04041169
12.86773 0.01379147 -0.04530798
12.8844 0.001231971 -0.050411080999999996
12.90107 -0.0142789 -0.054946140000000004
12.91774 -0.009831506 -0.06437536399999999
12.93441 -0.007811041 -0.053945639000000004
12.95107 -0.01207312 -0.03890583
12.96774 -0.03589712 -0.014174650000000004
12.98441 -0.03595002 -0.021687440000000002
13.00108 -0.005559191 -0.048222229000000005
13.01775 -0.03736129 0.018542259999999998
13.03441 -0.04794781 0.03426776
13.05108 -0.02419662 -0.0028779700000000005
13.06775 -0.04740471 0.054074558
13.08442 -0.06938555 0.09045015
13.10109 -0.07247967 0.09846569
13.11775 -0.05743532 0.08436832
13.13442 -0.0591782 0.08204187
13.15109 -0.05847217 0.07118928
13.16776 -0.0256062 0.031035279
13.18443 -0.03186893 0.07487105
13.20109 -0.01150287 0.03484343
13.21776 0.0175755 -0.032234280000000004
13.23443 0.01148984 -0.018203371
13.2511 0.01680958 0.01864323
13.26777 0.007623178 0.053260642
13.28443 -0.0009439277 0.0766984377
13.3011 0.000964944 0.130179556
13.31777 0.003163321 0.227474479
13.33444 0.006181497 0.233675303
13.35111 0.0009819474 0.2266787526
13.36778 0.00880948 0.26887032
13.38444 0.04067289 0.21711121
13.40111 0.1125643 0.09364839999999999
13.41778 0.08736189 0.15338061
13.43445 0.03512161 0.27659859
13.45112 0.05210073 0.23609167000000003
13.46778 0.0403327 0.2806981
13.48445 0.03344336 0.35114494
13.50112 0.0525499 0.2933227
13.51779 0.06553242 0.19272828000000003
13.53446 0.06437523 0.27931596999999997
13.55112 0.0859591 0.28830259999999996
13.56779 0.1065452 0.164306
13.58446 0.1029537 0.2639302
13.60113 0.1012627 0.2771425
13.6178 0.1109385 0.2911572
13.63446 0.1193021 0.4036602
13.65113 0.07350236 0.48106504000000005
13.6678 0.07199757 0.48345773
13.68447 0.1974233 0.33813000000000004
13.70114 0.3232454 0.21999709999999995
13.7178 0.3237024 0.1637342
13.73447 0.2672835 0.2836837
13.75114 0.3559333 0.26555589999999996
13.76781 0.4352238 0.17178849999999996
13.78448 0.4640804 0.19838629999999996
13.80114 0.5406629 0.15651140000000008
13.81781 0.6148259 0.046184
13.83448 0.6505418 0.048283900000000046
13.85115 0.7057822 0.061875799999999925
13.86782 0.7512946 -0.03510920000000006
13.88448 0.7679762 -0.07800750000000001
13.90115 0.8192405 -0.06495060000000008
13.91782 0.7681141 0.07347669999999995
13.93449 0.7868981 -0.0929006
13.95116 0.8156153 -0.06609810000000005
13.96782 0.7778658 0.19482179999999993
13.98449 0.8941629 -0.013849099999999948
14.00116 0.8771171 0.002196599999999993
14.01783 0.8632219 0.025472999999999968
14.0345 0.9185292 -0.021194400000000058
14.05117 0.9156538 -0.09547689999999998
14.06783 0.9149852 -0.174624
14.0845 0.8732526 0.029329199999999944
14.10117 0.8956473 0.06420709999999996
14.11784 0.8696505 0.06724209999999997
14.13451 0.9040307 3.6600000000053257e-05
14.15117 0.9550456 -0.016019100000000064
14.16784 0.9701985 -0.038486199999999915
14.18451 0.8909823 0.13569170000000008
14.20118 0.9683919 0.047845100000000085
14.21785 1.034626 -0.09389610000000004
14.23451 0.9169632 0.20457779999999992
14.25118 0.8998883 0.21462369999999997
14.26785 0.8002396 0.38336539999999997
14.28452 0.907751 0.27797099999999997
14.30119 1.098681 -0.037932999999999995
14.31785 0.986238 0.263309
14.33452 0.8130214 0.5479016000000001
14.35119 0.8835686 0.2087074
14.36786 0.9864232 0.02094079999999998
14.38453 0.8541229 0.4400391
14.40119 0.8330252 0.44616579999999995
14.41786 0.9819084 0.16682259999999993
14.43453 0.8970165 0.35801549999999993
14.4512 0.8432525 0.45946149999999997
14.46787 1.003703 0.1151359999999999
14.48453 0.9143098 0.31969020000000004
14.5012 0.8657601 0.5367669
14.51787 0.9767208 0.31285419999999997
14.53454 0.9655161 0.3701569000000001
14.55121 0.9996546 0.36661940000000004
14.56787 0.9287755 0.5849015
14.58454 0.9757838 0.5747791999999999
14.60121 1.16504 0.13056499999999982
14.61788 1.153971 0.09346399999999999
14.63455 1.151618 0.30022400000000005
14.65121 1.176285 0.3331390000000001
14.66788 1.106887 0.478607
14.68455 1.14647 0.4521569999999999
14.70122 1.14844 0.457349
14.71789 1.155427 0.442145
14.73456 1.197401 0.34716900000000006
14.75122 1.159277 0.468696
14.76789 1.158603 0.487452
14.78456 1.143144 0.47986300000000015
14.80123 1.112227 0.560017
14.8179 1.214592 0.4268850000000002
14.83456 1.271798 0.3380050000000001
14.85123 1.303212 0.16070300000000004
14.8679 1.226307 0.346233
14.88457 1.071001 0.711608
14.90124 1.146416 0.4765489999999999
14.9179 1.196216 0.385958
14.93457 1.018545 0.6897819999999999
14.95124 0.9377484 0.8494116
14.96791 1.067532 0.5821290000000001
14.98458 1.061682 0.5811869999999999
15.00124 1.069162 0.5760590000000001
15.01791 1.017358 0.613607
15.03458 0.8004709 1.0225141
15.05125 0.8658572 0.8618387999999999
15.06792 0.9076221 0.6066209
15.08458 0.9072731 0.6732418999999998
15.10125 0.9332175 0.7064545
15.11792 0.7631654 0.9345106
15.13459 0.7837891 0.8415039000000001
15.15126 0.8233493 0.6606907000000001
15.16792 0.7467175 0.7761224999999999
15.18459 0.819927 0.6594840000000001
15.20126 0.8058433 0.7546187
15.21793 0.7683741 0.7296189
15.2346 0.7930589 0.5269141
15.25126 0.7198503 0.5268887
15.26793 0.7317222 0.4655387999999999
15.2846 0.829223 0.33380699999999996
15.30127 0.8820846 0.1629324000000001
15.31794 0.680377 0.6399459999999999
15.3346 0.6185208 0.7633102
15.35127 0.6386872 0.6558928
15.36794 0.6320807 0.6410752999999999
15.38461 0.7669419 0.31258910000000006
15.40128 0.5677489 0.7573471
15.41794 0.585735 0.5548879999999999
15.43461 0.6493459 0.41746110000000003
15.45128 0.4935285 0.8146395
15.46795 0.5827531 0.5389999
15.48462 0.5556118 0.5272012
15.50129 0.5157371 0.49752490000000016
15.51795 0.496491 0.48580860000000003
15.53462 0.3876065 0.7894665000000001
15.55129 0.3914092 0.8257728
15.56796 0.4883206 0.5294213999999999
15.58463 0.4369132 0.7112908
15.60129 0.5417684 0.5010546
15.61796 0.4978347 0.5249112999999999
15.63463 0.4020224 0.7576645999999999
15.6513 0.5604649 0.42827039999999994
15.66797 0.5448647 0.44506350000000006
15.68463 0.5168152 0.5740928
15.7013 0.5201915 0.48436749999999995
15.71797 0.6127373 0.3272052999999999
15.73464 0.5605834 0.5222956
15.75131 0.4579777 0.6613233000000001
15.76797 0.6089362 0.2956867999999999
15.78464 0.514056 0.4394312
15.80131 0.459344 0.47693150000000006
15.81798 0.5424492 0.2386408
15.83465 0.4473095 0.4254951
15.85131 0.4338994 0.4470989
15.86798 0.3933261 0.494298
15.88465 0.3929091 0.5103233
15.90132 0.4349105 0.37805120000000003
15.91799 0.3796819 0.32029869999999994
15.93465 0.3458411 0.3908188
15.95132 0.3135981 0.45357610000000004
15.96799 0.356134 0.46953169999999994
15.98466 0.3712638 0.387156
16.00133 0.2973933 0.42214389999999996
16.01799 0.3283604 0.3202551
16.03466 0.3564495 0.13741830000000005
16.05133 0.3444402 0.2048742
16.068 0.3077623 0.404546
16.08467 0.2819968 0.3666402
16.10133 0.2930615 0.17184710000000003
16.118 0.3431611 -0.02678389999999997
16.13467 0.2892164 0.10381400000000002
16.15134 0.2113673 0.2580593
16.16801 0.2686511 0.024941500000000005
16.18468 0.2526376 0.05480449999999998
16.20134 0.1876109 0.1260373
16.21801 0.1272959 0.07444540000000002
16.23468 0.07351562 0.15279728
16.25135 0.1032111 0.0952162
16.26802 0.09209972 0.0017103799999999975
16.28468 0.03762003 0.07015657
16.30135 0.02537896 0.06429338000000001
16.31802 0.008536508 0.110270392
16.33469 -0.01686098 0.1132212
16.35136 -0.01764175 0.036849820000000005
16.36802 -0.001567543 -0.066880077
16.38469 -0.03177876 0.036997156
16.40136 -0.0383707 0.060813030000000004
16.41803 -0.02085986 -0.04676866
16.4347 -0.03239602 0.033724820999999995
16.45136 -0.01701818 -0.0038195599999999996
16.46803 -0.04357466 -0.12089694
16.4847 -0.1028432 -0.1387998
16.50137 -0.1041523 -0.1275499
16.51804 -0.09117308 -0.20368621999999997
16.5347 -0.1451086 -0.0960165
16.55137 -0.2007034 -0.008416599999999996
16.56804 -0.1558813 -0.1499334
16.58471 -0.1336841 -0.28958530000000005
16.60138 -0.2749871 0.024272499999999975
16.61804 -0.2979561 0.09683739999999999
16.63471 -0.3137268 -0.05287130000000001
16.65138 -0.4052391 -0.04536639999999997
16.66805 -0.4477301 -0.10575109999999999
16.68472 -0.4831207 0.04383690000000001
16.70138 -0.5506275 0.18949530000000003
16.71805 -0.5351626 -0.08663829999999995
16.73472 -0.4837125 -0.2390772
16.75139 -0.6184071 0.009759700000000038
16.76806 -0.6861979 -0.02202280000000001
16.78472 -0.5850002 -0.17167470000000007
16.80139 -0.5999181 -0.1677132
16.81806 -0.6867556 -0.11767339999999993
16.83473 -0.6736142 -0.210858
16.8514 -0.6477853 -0.3074163
16.86807 -0.6125839 -0.34624070000000007
16.88473 -0.5931072 -0.35022300000000006
16.9014 -0.7176054 -0.20899020000000001
16.91807 -0.6708982 -0.5087258
16.93474 -0.6577812 -0.5671258
16.95141 -0.8299999 -0.07193209999999994
16.96807 -0.8021147 -0.27390629999999994
16.98474 -0.9456314 -0.15805459999999993
17.00141 -0.9107062 -0.18735979999999997
17.01808 -0.7981317 -0.4453562999999999
17.03475 -0.7914024 -0.4231106
17.05141 -0.6903351 -0.6346659000000001
17.06808 -0.8335984 -0.3478736000000001
17.08475 -0.9468879 -0.14826109999999992
17.10142 -0.8902463 -0.2798076999999999
17.11809 -0.9335024 -0.09063560000000004
17.13475 -0.8929735 -0.2166085000000001
17.15142 -0.8144433 -0.4248856999999999
17.16809 -0.9014096 -0.11044140000000002
17.18476 -0.8904016 -0.2806593999999999
17.20143 -0.8096984 -0.6539366
17.21809 -0.8446853 -0.5055407
17.23476 -0.9116208 -0.2618942000000001
17.25143 -0.9019808 -0.18983919999999999
17.2681 -0.9336018 -0.23263519999999993
17.28477 -1.031041 -0.24434199999999984
17.30143 -0.9517202 -0.4626197999999999
17.3181 -0.9230815 -0.36769550000000006
17.33477 -0.9179208 -0.2847202000000001
17.35144 -0.9747973 -0.25199169999999993
17.36811 -0.9733788 -0.3204372000000001
17.38477 -1.052298 -0.1770750000000001
17.40144 -0.9888565 -0.3898664999999999
17.41811 -0.8515551 -0.6922168999999999
17.43478 -0.9322211 -0.46926789999999996
17.45145 -0.9070596 -0.4080214
17.46811 -1.007504 -0.265123
17.48478 -0.9773512 -0.4507068000000001
17.50145 -0.9578496 -0.3638344000000001
17.51812 -0.8958216 -0.3481124000000001
17.53479 -0.9167735 -0.3045375
17.55146 -1.062422 -0.012591000000000019
17.56812 -0.9888579 -0.12142910000000007
17.58479 -0.9829529 -0.17418009999999995
17.60146 -0.9711974 -0.1853916000000001
17.61813 -0.9108101 -0.28285589999999994
17.6348 -0.9315228 -0.13987719999999992
17.65146 -0.9903772 0.10598069999999993
17.66813 -0.9982394 0.06327680000000002
17.6848 -0.954699 -0.1495900000000001
17.70147 -1.036895 0.28770609999999985
17.71814 -1.086428 0.5112274
17.7348 -0.9972017 0.1796706
17.75147 -0.8603517 -0.11297999999999997
17.76814 -0.7761109 -0.4698760999999999
17.78481 -0.9636845 0.2102307000000001
17.80148 -0.8456544 -0.08210479999999998
17.81814 -0.6640713 -0.5746576999999999
17.83481 -1.096167 0.6130232999999998
17.85148 -1.007681 0.08203130000000003
17.86815 -0.745098 -0.5674489999999999
17.88482 -0.8157087 -0.11814650000000004
17.90148 -0.7829246 -0.19979500000000006
17.91815 -0.741113 -0.1701127
17.93482 -0.7722773 -0.11680029999999997
17.95149 -0.8249183 -0.26216470000000003
17.96816 -0.8352251 -0.09393419999999997
17.98482 -0.8528902 -0.016923299999999974
18.00149 -0.662769 -0.5171719999999999
18.01816 -0.6269768 -0.6010742
18.03483 -0.8130478 -0.2572122
18.0515 -0.8056517 -0.2946673000000001
18.06816 -0.7890011 -0.3835569
18.08483 -0.8140469 -0.3478251
18.1015 -0.7390868 -0.39863820000000005
18.11817 -0.7364857 -0.5599433
18.13484 -0.7268162 -0.5823048
18.1515 -0.8277177 -0.3202163
18.16817 -0.8023847 -0.4455633000000001
18.18484 -0.7569644 -0.5022636
18.20151 -0.7971346 -0.3826204000000001
18.21818 -0.7183238 -0.6969392
18.23485 -0.6818743 -0.8531176999999999
18.25151 -0.7369695 -0.5208154999999999
18.26818 -0.7655912 -0.5959958000000001
18.28485 -0.6798873 -0.9664337
18.30152 -0.6996744 -0.8247425999999999
18.31819 -0.7008236 -0.8479344000000001
18.33485 -0.6377938 -1.0133172
18.35152 -0.7151913 -0.7355297
18.36819 -0.6982126 -0.7308024
18.38486 -0.6212955 -1.0603675
18.40153 -0.6078891 -1.0827689
18.41819 -0.5261047 -1.0823643
18.43486 -0.525267 -1.102093
18.45153 -0.5222219 -0.9656531
18.4682 -0.5443856 -0.9286914
18.48487 -0.5456486 -1.0546124
18.50153 -0.5345198 -0.9177972000000001
18.5182 -0.4752411 -0.9069168999999999
18.53487 -0.4106348 -1.0551612000000001
18.55154 -0.4285296 -1.0138854
18.56821 -0.4589683 -0.8630177000000001
18.58487 -0.4346906 -0.8232394000000001
18.60154 -0.3236321 -1.0473789
18.61821 -0.4177857 -0.8295663
18.63488 -0.4812834 -0.6430036000000001
18.65155 -0.3730704 -0.8322676
18.66821 -0.3296773 -0.7441617
18.68488 -0.387776 -0.6029598
18.70155 -0.2951701 -0.8054589000000001
18.71822 -0.1527891 -0.9197278999999999
18.73489 -0.3627176 -0.4308253000000001
18.75155 -0.4107873 -0.3468457999999999
18.76822 -0.2065351 -0.738958
18.78489 -0.2684889 -0.5941860000000001
18.80156 -0.269104 -0.6387962
18.81823 -0.1710382 -0.8147553
18.83489 -0.1643645 -0.6923283
18.85156 -0.2028632 -0.7074629
18.86823 -0.3131929 -0.49572249999999995
18.8849 -0.280815 -0.49612800000000007
18.90157 -0.287243 -0.46408589999999994
18.91824 -0.3295947 -0.3102087
18.9349 -0.3533907 -0.2852039
18.95157 -0.3042401 -0.36906300000000003
18.96824 -0.3315703 -0.31319450000000004
18.98491 -0.3078631 -0.37748339999999997
19.00158 -0.2315175 -0.49272620000000006
19.01824 -0.2978706 -0.35306100000000007
19.03491 -0.3320261 -0.29057770000000005
19.05158 -0.3095791 -0.3447525
19.06825 -0.2706111 -0.412184
19.08492 -0.2951884 -0.3299398
19.10158 -0.2007592 -0.5048895
19.11825 -0.1227566 -0.6808864
19.13492 -0.1701038 -0.5151943999999999
19.15159 -0.2282292 -0.3651189
19.16826 -0.2746634 -0.4227202
19.18492 -0.2606983 -0.40066110000000005
19.20159 -0.2508066 -0.37946040000000003
19.21826 -0.3835145 -0.22728120000000007
19.23493 -0.3644964 -0.20606549999999996
19.2516 -0.3346981 -0.117927
19.26826 -0.4588798 0.1091069
19.28493 -0.4546504 0.0073296999999999946
19.3016 -0.4809859 0.18211920000000004
19.31827 -0.4584862 0.10308840000000002
19.33494 -0.4500849 0.009325200000000033
19.3516 -0.4630123 0.138148
19.36827 -0.4216061 0.06255
19.38494 -0.320065 -0.1341312
19.40161 -0.3519105 -0.018058499999999977
19.41828 -0.378112 0.10996129999999998
19.43494 -0.3080318 -0.07334969999999996
19.45161 -0.3068394 -0.08632480000000003
19.46828 -0.399565 0.1823991
19.48495 -0.4333811 0.40385441
19.50162 -0.2434277 0.025202699999999995
19.51828 -0.1705821 -0.12735510000000003
19.53495 -0.2417834 0.07792080000000001
19.55162 -0.2137985 0.0540814
19.56829 -0.2622629 0.24470825000000002
19.58496 -0.2533059 0.27690144
19.60163 -0.06879812 -0.04217008
19.61829 -0.06102896 -0.05787204000000001
19.63496 -0.1005746 0.07137715
19.65163 -0.08976683 0.11924044
19.6683 -0.05378145 0.0544180565
19.68497 -0.05460752 0.060095201
19.70163 -0.0388728 0.045258414999999996
19.7183 -0.03158619 0.06147231
19.73497 -0.04359643 0.10004082
19.75164 -0.01670774 0.05117127
19.76831 -0.0470818 0.09546856000000001
19.78497 -0.04885632 0.13634218
19.80164 -0.01155937 0.14610907
19.81831 -0.005342671 0.128022771
19.83498 0.009592786 0.041481424
19.85165 -0.005983083 0.066773203
19.86831 -0.01351008 0.13501838
19.88498 -0.00338768 0.17982188000000002
19.90165 -0.01435485 0.16001065
19.91832 0.01210845 0.04632841
19.93499 0.01148314 0.039965440000000005
19.95165 -0.00303283 0.07562556
19.96832 0.009825146 0.057757024
19.98499 -0.004751021 0.044282441
20.00166 0.005083467 0.0061783030000000004
20.01833 0.01326401 0.018874549999999997
20.03499 0.01376536 0.002588959999999998
20.05166 -0.008396154 0.0081345815
20.06833 -0.0009426434 -0.010144426599999999
20.085 0.01533939 -0.027051819999999997
20.10167 0.01533939 -0.027051819999999997
