t r.txtA r.txtB
0.0 -86.05868 -12.501010000000008
0.03333333 -86.19662 -12.50075000000001
0.06666667 -86.19487 -12.559170000000009
0.1 -86.24517 -12.504199999999997
0.1333333 -86.3239 -12.384550000000004
0.1666667 -86.34541 -12.287040000000005
0.2 -86.36086 -12.162539999999993
0.2333333 -86.3315 -12.035779999999988
0.2666667 -86.30587 -11.873819999999995
0.3 -86.23196 -11.791560000000004
0.3333333 -86.16909 -11.690300000000008
0.3666667 -86.06423 -11.635940000000005
0.4 -85.98266 -11.608190000000008
0.4333333 -85.95145 -11.503930000000011
0.4666667 -85.9213 -11.464730000000003
0.5 -85.87169 -11.466160000000002
0.5333333 -85.84073 -11.45777000000001
0.5666667 -85.8344 -11.469470000000001
0.6 -85.83038 -11.490499999999997
0.6333333 -85.88453 -11.457070000000002
0.6666667 -85.93801 -11.427189999999996
0.7 -86.01682 -11.398710000000008
0.7333333 -86.06865 -11.365079999999992
0.7666667 -86.10165 -11.342389999999995
0.8 -86.12963 -11.32311
0.8333333 -86.12855 -11.317340000000002
0.8666667 -86.12847 -11.312140000000014
0.9 -86.14325 -11.28701000000001
0.9333333 -86.15681 -11.265060000000005
0.9666667 -86.13728 -11.257710000000003
1.0 -86.13366 -11.234199999999987
1.033333 -86.09753 -11.260569999999987
1.066667 -86.09371 -11.226289999999992
1.1 -86.09129 -11.205079999999995
1.133333 -86.08682 -11.19717
1.166667 -86.08286 -11.191550000000007
1.2 -86.11737 -11.1601
1.233333 -86.14853 -11.131150000000005
1.266667 -86.19266 -11.077829999999992
1.3 -86.23474 -11.004310000000004
1.333333 -86.35536 -10.784779999999998
1.366667 -86.3753 -10.630300000000005
1.4 -86.32064 -10.538610000000006
1.433333 -86.27138 -10.46887000000001
1.466667 -86.22684 -10.389020000000002
1.5 -86.12463 -10.392350000000008
1.533333 -86.10849 -10.302080000000004
1.566667 -86.08812 -10.233959999999996
1.6 -86.05269 -10.218950000000007
1.633333 -86.02668 -10.20487
1.666667 -86.04151 -10.165729999999996
1.7 -86.05212 -10.137649999999994
1.733333 -86.09381 -10.08386999999999
1.766667 -86.12872 -10.038420000000002
1.8 -86.13515 -10.040840000000003
1.833333 -86.1412 -10.041290000000004
1.866667 -86.15059 -10.032900000000012
1.9 -86.16001 -10.024199999999993
1.933333 -86.15625 -10.026570000000007
1.966667 -86.15399 -10.02779000000001
2.0 -86.16666 -10.001950000000008
2.033333 -86.15238 -10.013380000000012
2.066667 -86.14326 -10.019729999999996
2.1 -86.17259 -10.000519999999995
2.133333 -86.20239 -9.95751
2.166667 -86.27947 -9.950769999999991
2.2 -86.39523 -9.932780000000008
2.233333 -86.5865 -9.905029999999996
2.266667 -86.86152 -9.869349999999997
2.3 -87.18896 -9.878340000000009
2.333333 -87.56171 -9.883960000000002
2.366667 -88.0585 -9.880960000000002
2.4 -88.58423 -9.94108
2.433333 -89.26853 -10.002669999999995
2.466667 -90.18224 -9.945960000000014
2.5 -91.19172 -9.97708
2.533333 -92.30195 -10.054850000000002
2.566667 -93.58795 -10.186949999999996
2.6 -95.07582 -10.378580000000014
2.633333 -96.72379 -10.52431
2.666667 -98.37042 -10.838880000000003
2.7 -100.2515 -11.301300000000012
2.733333 -102.0818 -11.7513
2.766667 -104.1016 -12.127200000000002
2.8 -106.1114 -12.593999999999994
2.833333 -108.2376 -13.261600000000001
2.866667 -110.5128 -13.511899999999997
2.9 -112.6421 -14.193100000000001
2.933333 -115.0479 -14.438800000000015
2.966667 -117.2099 -15.02340000000001
3.0 -119.3176 -15.578300000000013
3.033333 -121.5497 -15.943000000000012
3.066667 -123.8379 -16.354499999999987
3.1 -125.8695 -16.947999999999993
3.133333 -128.0573 -17.22720000000001
3.166667 -130.2449 -17.416300000000007
3.2 -132.6302 -17.517799999999994
3.233333 -134.9476 -17.559699999999992
3.266667 -137.1739 -17.936199999999985
3.3 -139.2658 -18.40289999999999
3.333333 -141.4073 -18.850400000000008
3.366667 -143.692 -19.33189999999999
3.4 -145.8559 -19.670900000000017
3.433333 -147.8828 -20.500399999999985
3.466667 -149.8806 -21.242700000000013
3.5 -151.5142 -22.403700000000015
3.533333 -153.187 -23.5813
3.566667 -154.7063 -24.974700000000013
3.6 -155.8956 333.5668
3.633333 -157.0508 331.9621
3.666667 -158.0837 330.2786
3.7 -159.1007 328.8613
3.733333 -160.1286 327.3887
3.766667 -161.12 326.0887
3.8 -162.1016 324.9389
3.833333 -163.1191 323.7517
3.866667 -164.1305 322.7927
3.9 -165.0376 321.7703
3.933333 -166.0358 320.8956
3.966667 -166.815 319.8454
4.0 -167.4716 318.71000000000004
4.033333 -168.2212 317.7482
4.066667 -168.8381 316.5892
4.1 -169.4054 315.4423
4.133333 -169.9656 314.2833
4.166667 -170.4316 313.052
4.2 -170.9592 312.0548
4.233333 -171.3499 310.9461
4.266667 -171.5766 309.7728
4.3 -171.7803 308.63300000000004
4.333333 -171.9181 307.4565
4.366667 -171.9737 306.1394
4.4 -172.0946 305.074
4.433333 -172.0289 303.8562
4.466667 -171.9848 302.7096
4.5 -172.1484 301.81600000000003
4.533333 -172.1068 300.7519
4.566667 -172.1148 299.7507
4.6 -172.0966 298.8137
4.633333 -171.9762 297.8491
4.666667 -171.8929 296.9917
4.7 -171.7358 296.1503
4.733333 -171.5195 295.508
4.766667 -171.4012 295.0206
4.8 -171.3011 294.5082
4.833333 -171.2431 293.9332
4.866667 -171.1069 293.34590000000003
4.9 -170.9603 292.62669999999997
4.933333 -170.7973 292.0621
4.966667 -170.8091 291.7528
5.0 -170.7729 291.5679
5.033333 -170.7326 291.29789999999997
5.066667 -170.6828 291.1474
5.1 -170.645 291.2552
5.133333 -170.5546 291.3673
5.166667 -170.3778 291.315
5.2 -170.2384 291.30330000000004
5.233333 -170.1008 291.26959999999997
5.266667 -170.0365 291.3587
5.3 -169.8444 291.3924
5.333333 -169.6369 291.5879
5.366667 -169.2657 291.7151
5.4 -168.7955 291.78340000000003
5.433333 -168.4292 292.1662
5.466667 -168.0937 292.583
5.5 -167.9022 293.4019
5.533333 -167.6158 294.48810000000003
5.566667 -167.2041 295.3444
5.6 -166.7766 296.4607
5.633333 -166.2887 297.7776
5.666667 -165.7339 299.1119
5.7 -165.1707 300.4846
5.733333 -164.5474 301.98670000000004
5.766667 -163.9086 303.5197
5.8 -163.31 305.2006
5.833333 -162.7203 306.98580000000004
5.866667 -161.9521 308.6299
5.9 -161.1585 310.3728
5.933333 -160.2564 312.1332
5.966667 -159.2579 313.7334
6.0 -158.0011 315.0933
6.033333 -156.7404 316.7179
6.066667 -155.1983 318.142
6.1 -153.5342 319.65610000000004
6.133333 -151.733 321.1721
6.166667 -149.8168 322.49289999999996
6.2 -148.1664 324.6569
6.233333 -146.4939 326.4939
6.266667 -144.9786 -31.49709999999999
6.3 -143.6848 -29.447400000000016
6.333333 -142.2816 -27.397700000000015
6.366667 -140.8479 -25.2217
6.4 -139.4947 -23.61700000000002
6.433333 -137.9675 -22.06389999999999
6.466667 -136.3211 -20.314600000000013
6.5 -134.2538 -19.2183
6.533333 -132.1385 -18.445099999999996
6.566667 -129.9683 -17.843700000000013
6.6 -127.34 -17.43459999999999
6.633333 -124.748 -16.8712
6.666667 -122.4071 -16.520500000000013
6.7 -119.5128 -16.3339
6.733333 -116.9257 -15.192099999999982
6.766667 -114.7508 -13.25569999999999
6.8 -112.2908 -12.113299999999995
6.833333 -109.8291 -10.671599999999998
6.866667 -107.4255 -9.412499999999994
6.9 -104.6252 -8.285499999999999
6.933333 -101.8802 -6.912099999999995
6.966667 -99.27094 -7.072460000000007
7.0 -96.47243 -7.346170000000001
7.033333 -93.69993 -7.595470000000006
7.066667 -91.41669 -8.045630000000003
7.1 -89.83112 -8.100440000000006
7.133333 -88.43469 -8.305369999999996
7.166667 -87.26031 -8.14148999999999
7.2 -86.32649 -8.780929999999998
7.233333 -85.61123 -8.611499999999992
7.266667 -85.10722 -8.956770000000006
7.3 -84.92797 -9.12254
7.333333 -84.98647 -9.083830000000006
7.366667 -84.9507 -9.185339999999997
7.4 -85.07233 -9.149710000000013
7.433333 -85.15874 -9.184970000000007
7.466667 -85.29365 -9.229759999999999
7.5 -85.38753 -9.301900000000003
7.533333 -85.4627 -9.366479999999996
7.566667 -85.52913 -9.47699
7.6 -85.53577 -9.615719999999996
7.633333 -85.62276 -9.673490000000001
7.666667 -85.71533 -9.714580000000012
7.7 -85.73263 -9.846069999999997
7.733333 -85.74295 -9.949730000000002
7.766667 -85.75349 -10.049450000000007
7.8 -85.76837 -10.191249999999997
7.833333 -85.78274 -10.314989999999995
7.866667 -85.74792 -10.441950000000006
7.9 -85.72395 -10.491469999999993
7.933333 -85.67663 -10.509789999999995
7.966667 -85.63996 -10.516040000000004
8.0 -85.63508 -10.47533
8.033333 -85.56738 -10.487920000000003
8.066667 -85.42346 -10.541659999999993
8.1 -85.46818 -10.450109999999995
8.133333 -85.50914 -10.408659999999998
8.166667 -85.48061 -10.45317
8.2 -85.42582 -10.520749999999992
8.233333 -85.40037 -10.555620000000005
8.266667 -85.35771 -10.602739999999997
8.3 -85.36143 -10.57844
8.333333 -85.36318 -10.564189999999996
8.366667 -85.41652 -10.531659999999988
8.4 -85.45996 -10.496470000000002
8.433333 -85.49566 -10.503919999999994
8.466667 -85.5284 -10.519679999999994
8.5 -85.61507 -10.46839
8.533333 -85.73027 -10.44587
8.566667 -85.79004 -10.418880000000001
8.6 -85.84805 -10.36363
8.633333 -85.85522 -10.349559999999997
8.666667 -85.86297 -10.342550000000003
8.7 -85.84232 -10.316479999999999
8.733333 -85.82914 -10.312719999999999
8.766667 -85.84796 -10.2487
8.8 -85.86645 -10.197370000000006
8.833333 -85.8395 -10.191159999999996
8.866667 -85.82115 -10.14215
8.9 -85.80404 -10.143559999999994
8.933333 -85.79109 -10.145830000000004
8.966667 -85.77334 -10.207309999999993
9.0 -85.76019 -10.238970000000009
9.033333 -85.74242 -10.27986
9.066667 -85.73797 -10.299880000000002
9.1 -85.78915 -10.280479999999997
9.133333 -85.83485 -10.316450000000003
9.166667 -85.89252 -10.300419999999988
9.2 -86.00623 -10.199359999999999
9.233333 -86.07704 -10.14107
9.266667 -86.10487 -10.187059999999988
9.3 -86.12957 -10.193820000000002
9.333333 -86.19979 -10.146770000000004
9.366667 -86.31053 -10.055610000000001
9.4 -86.48719 -10.002960000000002
9.433333 -86.68433 -9.87993999999999
9.466667 -86.91849 -9.840119999999999
9.5 -87.23361 -9.802499999999995
9.533333 -87.68264 -9.784699999999987
9.566667 -88.15294 -9.850799999999992
9.6 -88.66559 -9.998850000000004
9.633333 -89.34685 -10.123999999999995
9.666667 -90.10686 -10.253439999999998
9.7 -90.90734 -10.42586
9.733333 -91.74579 -10.569509999999994
9.766667 -92.63855 -10.74945000000001
9.8 -93.55415 -11.077749999999995
9.833333 -94.63509 -11.288609999999991
9.866667 -95.78552 -11.459579999999988
9.9 -97.06296 -11.701439999999991
9.933333 -98.40855 -12.026049999999998
9.966667 -99.9843 -12.319099999999992
10.0 -101.7247 -12.505499999999998
10.03333 -103.4719 -13.015699999999995
10.06667 -105.1622 -13.683400000000006
10.1 -107.0487 -14.311800000000005
10.13333 -108.8759 -15.029499999999999
10.16667 -110.7833 -15.836799999999997
10.2 -112.8002 -16.598799999999997
10.23333 -114.676 -17.5415
10.26667 -116.5742 -18.592499999999987
10.3 -118.5168 -19.588199999999986
10.33333 -120.4053 -20.662400000000005
10.36667 -122.3948 -21.384299999999996
10.4 -124.3088 -22.340199999999996
10.43333 -126.1334 -23.300700000000006
10.46667 -127.873 -24.01809999999999
10.5 -129.5939 -24.81880000000001
10.53333 -131.3706 -25.48060000000001
10.56667 -133.0967 -26.323499999999996
10.6 -134.7617 -27.185699999999997
10.63333 -136.3878 -28.0334
10.66667 -137.8428 -29.09049999999999
10.7 -139.3228 -30.150499999999994
10.73333 -140.7759 -31.232699999999994
10.76667 -142.2092 -32.36329999999998
10.8 -143.6103 -33.400499999999994
10.83333 -144.918 -34.724199999999996
10.86667 -146.1884 323.7896
10.9 -147.5446 322.3505
10.93333 -148.792 320.85
10.96667 -150.0221 319.5319
11.0 -151.3624 318.15020000000004
11.03333 -152.6655 316.8172
11.06667 -154.0859 315.4442
11.1 -155.5382 314.2566
11.13333 -156.9495 313.0163
11.16667 -158.4565 311.967
11.2 -159.8367 310.8292
11.23333 -161.113 309.9516
11.26667 -162.3002 309.0415
11.3 -163.3589 308.08770000000004
11.33333 -164.1772 307.0147
11.36667 -164.9196 306.0567
11.4 -165.6027 305.0466
11.43333 -166.0439 303.8666
11.46667 -166.4343 302.6356
11.5 -166.744 301.4158
11.53333 -167.1107 300.4798
11.56667 -167.558 299.7151
11.6 -167.8919 298.9075
11.63333 -168.167 298.2523
11.66667 -168.3221 297.46680000000003
11.7 -168.4919 296.89239999999995
11.73333 -168.4673 296.0961
11.76667 -168.4694 295.632
11.8 -168.4054 295.302
11.83333 -168.3492 295.0132
11.86667 -168.2459 294.97630000000004
11.9 -168.1719 295.0774
11.93333 -168.0742 295.0224
11.96667 -167.9992 294.9752
12.0 -167.9787 294.98310000000004
12.03333 -168.0248 295.1768
12.06667 -167.773 295.0713
12.1 -167.5957 295.1599
12.13333 -167.4389 295.2788
12.16667 -167.1974 295.2518
12.2 -166.9342 295.2428
12.23333 -166.7073 295.1325
12.26667 -166.5117 295.2093
12.3 -166.3152 295.2235
12.33333 -166.1534 295.3924
12.36667 -165.9021 295.4962
12.4 -165.5887 295.7523
12.43333 -165.2768 296.1992
12.46667 -165.1017 296.9076
12.5 -164.8803 297.7128
12.53333 -164.6823 298.9149
12.56667 -164.2297 299.8097
12.6 -163.8507 301.1867
12.63333 -163.3117 302.68
12.66667 -162.9717 304.4172
12.7 -162.3334 306.1399
12.73333 -161.9744 308.3442
12.76667 -161.5196 310.5378
12.8 -160.9449 312.68309999999997
12.83333 -160.1515 314.6227
12.86667 -159.2527 316.6566
12.9 -158.2688 318.5724
12.93333 -157.1475 320.394
12.96667 -155.9749 322.0481
13.0 -154.7458 323.51869999999997
13.03333 -153.443 324.7496
13.06667 -152.3484 326.2328
13.1 -151.378 327.6503
13.13333 -150.5204 329.31719999999996
13.16667 -149.4001 -29.39749999999998
13.2 -148.2527 -28.00710000000001
13.23333 -146.8563 -26.750399999999985
13.26667 -145.3017 -25.472399999999993
13.3 -143.5523 -24.27430000000001
13.33333 -141.712 -23.02030000000002
13.36667 -139.7947 -21.692700000000002
13.4 -137.7852 -20.510500000000008
13.43333 -135.4982 -19.418599999999998
13.46667 -133.1692 -18.511500000000012
13.5 -130.8573 -17.35499999999999
13.53333 -128.5356 -16.373100000000022
13.56667 -126.377 -15.356700000000004
13.6 -124.5328 -14.046700000000001
13.63333 -122.8295 -12.71180000000001
13.66667 -121.0167 -11.711799999999997
13.7 -119.2314 -10.853600000000014
13.73333 -117.1324 -10.5308
13.76667 -114.6402 -10.700900000000004
13.8 -112.2092 -10.728400000000008
13.83333 -109.7508 -10.657899999999998
13.86667 -107.5184 -10.462400000000002
13.9 -105.3337 -10.221100000000007
13.93333 -103.0785 -10.025999999999996
13.96667 -100.8562 -10.025800000000004
14.0 -98.47341 -10.281890000000004
14.03333 -95.94541 -10.620490000000004
14.06667 -93.63797 -10.914030000000011
14.1 -91.58768 -11.044219999999996
14.13333 -89.59605 -11.117349999999988
14.16667 -87.98383 -10.817440000000005
14.2 -86.44952 -10.636309999999995
14.23333 -85.03015 -10.53125
14.26667 -83.68874 -10.641490000000005
14.3 -82.59596 -10.677700000000002
14.33333 -81.59293 -10.909580000000005
14.36667 -80.76655 -11.224240000000009
14.4 -80.30847 -11.297480000000007
14.43333 -79.9199 -11.494119999999995
14.46667 -79.72937 -11.615169999999992
14.5 -79.70986 -11.61551999999999
14.53333 -79.69876 -11.646100000000004
14.56667 -79.72294 -11.69229
14.6 -79.73208 -11.81559
14.63333 -79.74563 -11.84877999999999
14.66667 -79.83135 -11.848100000000002
14.7 -79.83617 -11.826040000000006
14.73333 -79.83863 -11.807330000000007
14.76667 -79.77902 -11.830550000000002
14.8 -79.74426 -11.844610000000003
14.83333 -79.70308 -11.83323
14.86667 -79.60308 -11.84608
14.9 -79.54635 -11.882009999999994
14.93333 -79.5186 -11.931309999999996
14.96667 -79.57186 -11.923320000000004
15.0 -79.61542 -11.90401
15.03333 -79.6644 -11.925420000000003
15.06667 -79.75917 -11.93405
15.1 -79.89686 -11.875799999999998
15.13333 -80.04341 -11.82177
15.16667 -80.19817 -11.846149999999994
15.2 -80.28886 -11.906580000000005
15.23333 -80.42236 -11.945610000000002
15.26667 -80.57385 -11.937700000000007
15.3 -80.69804 -11.959209999999999
15.33333 -80.84678 -11.965980000000002
15.36667 -80.98048 -11.95299
15.4 -81.05445 -11.975549999999998
15.43333 -81.11564 -11.949820000000003
15.46667 -81.12885 -11.955929999999995
15.5 -81.14214 -11.95026
15.53333 -81.10382 -11.962289999999996
15.56667 -81.07747 -11.974689999999995
15.6 -81.03571 -11.96172
15.63333 -81.00396 -11.915789999999987
15.66667 -80.94089 -11.93319000000001
15.7 -80.88166 -11.922880000000006
15.73333 -80.90497 -11.891529999999989
15.76667 -80.92083 -11.872170000000011
15.8 -80.9627 -11.865570000000005
15.83333 -80.99218 -11.853169999999992
15.86667 -81.02902 -11.834819999999993
15.9 -81.05925 -11.813749999999999
15.93333 -81.08129 -11.799199999999999
15.96667 -81.10103 -11.785170000000008
16.0 -81.1228 -11.744479999999996
16.03333 -81.11889 -11.745900000000006
16.06667 -81.11787 -11.74797000000001
16.1 -81.09409 -11.756350000000012
16.13333 -81.07734 -11.789739999999995
16.16667 -81.00497 -11.837519999999998
16.2 -80.94814 -11.884250000000009
16.23333 -80.9416 -11.882370000000009
16.26667 -80.89556 -11.921089999999992
16.3 -80.82945 -11.939869999999999
16.33333 -80.80783 -11.989810000000006
16.36667 -80.79894 -12.04535
16.4 -80.83337 -12.036180000000002
16.43333 -80.75902 -12.096119999999999
16.46667 -80.70239 -12.146799999999999
16.5 -80.60216 -12.254140000000007
16.53333 -80.53557 -12.324969999999993
16.56667 -80.4876 -12.359210000000004
16.6 -80.44074 -12.399909999999991
16.63333 -80.48598 -12.348439999999997
16.66667 -80.51763 -12.313960000000009
16.7 -80.57655 -12.254540000000006
16.73333 -80.62346 -12.207720000000009
16.76667 -80.55845 -12.258620000000008
16.8 -80.55104 -12.258229999999998
16.83333 -80.53143 -12.255409999999998
16.86667 -80.51259 -12.260089999999991
16.9 -80.54504 -12.230090000000004
16.93333 -80.5699 -12.203289999999996
16.96667 -80.57077 -12.19429000000001
17.0 -80.50447 -12.233490000000003
