0.0333361 1.998766 -3.863239
0.05000415 0.6812466 -0.24760530000000003
0.06667219 -0.1529857 1.4141127
0.08334024 -0.150621 -0.5811227
0.1000083 -0.2849107 -0.5935018999999999
0.1166763 -1.795068 7.176271
0.1333444 -1.384105 7.329442
0.1500124 0.140178 0.6507179
0.1666805 0.9617676 -5.1861706
0.1833485 1.761366 -4.9836409999999995
0.2000166 1.408017 -0.19588899999999998
0.2166846 0.2371881 4.1811899
0.2333527 -1.508086 5.274882
0.2500207 -0.7223319 5.6942539000000005
0.2666888 0.7141903 3.4305917000000004
0.2833568 1.053249 1.3755709999999999
0.3000249 1.682013 -3.5809100000000003
0.3166929 0.5391059 5.9585841
0.333361 2.091352 2.293103
0.350029 1.566131 1.1166710000000002
0.3666971 2.163963 -3.940752
0.3833651 4.450961 -6.730972
0.4000332 0.7560078 -0.6377082000000001
0.4167012 -3.618483 10.922103
0.4333693 -0.3861844 6.4901394
0.4500373 5.00751 -5.5098488
0.4667054 -0.8347919 5.8436669
0.4833734 -0.7919188 3.6760838
0.5000415 1.845344 0.5815629999999998
0.5167095 5.872619 -13.745415000000001
0.5333776 0.7563394 1.0646376000000002
0.5500456 -2.844423 7.271318
0.5667137 -5.200947 12.459603000000001
0.5833817 -1.289641 -2.51926
0.6000498 3.988153 -7.480459
0.6167178 0.9124968 1.8989562000000002
0.6333858 -2.895926 9.799628
0.6500539 -5.709139 10.180464
0.6667219 0.8344763 -6.2834383
0.68339 -3.091241 7.287637
0.700058 0.1264814 -0.3652064
0.7167261 1.8537 -3.8838429999999997
0.7333941 2.346104 -6.563938
0.7500622 -3.655402 10.629849
0.7667302 -3.099473 6.830813
0.7833983 -1.748446 4.48637
0.8000663 0.1076819 -2.4950849
0.8167344 0.677115 -0.09974670000000008
0.8334024 -1.32927 5.878167
0.8500705 -1.045422 6.3576950000000005
0.8667385 -0.9965636 1.703169
0.8834066 1.629162 -2.6582790000000003
0.9000746 1.087794 -3.5866369999999996
0.9167427 1.107923 -5.168761999999999
0.9334107 -1.891472 1.1540423
0.9500788 1.066821 6.302603
0.9667468 3.133556 -2.4953338
0.9834149 1.98588 -6.899179
1.000083 -0.3142365 1.8020975000000001
1.016751 -0.09253995 8.02891095
1.033419 0.316486 -1.655772
1.050087 -1.639572 -2.409484
1.066755 -0.1563245 -1.7641525
1.083423 0.8241294 0.8875006
1.100091 -0.3799378 1.4146728
1.116759 -0.1884611 -1.7391519
1.133427 1.367365 -5.41578
1.150095 3.464706 -5.660214
1.166763 0.472358 2.588693
1.183431 -1.564982 3.760641
1.2001 -0.2302858 0.8689664
1.216768 2.293284 -6.322846
1.233436 2.717227 -5.985429
1.250104 2.416716 -7.350007
1.266772 -1.286981 1.7766845999999998
1.28344 -2.380445 11.883898
1.300108 0.2325726 0.4387746
1.316776 -3.170301 9.5167
1.333444 -2.912381 8.227841999999999
1.350112 0.2309015 3.6904925
1.36678 6.439837 -23.240527
1.383448 1.958154 -2.8221638000000002
1.400116 0.401463 0.053455699999999995
1.416784 -1.956723 6.404395
1.433452 2.186082 -8.355592
1.45012 3.041519 -6.960482000000001
1.466788 2.699824 -10.826659
1.483456 -1.237486 7.02604
1.500124 -3.49482 8.140286
1.516792 -3.317778 5.888785
1.53346 2.53923 -8.788612
1.550129 3.272881 -4.009741
1.566797 4.159161 -8.928927999999999
1.583465 1.923034 -7.9911460000000005
1.600133 -3.561943 8.221065
1.616801 -2.823803 4.684865
1.633469 -2.194794 3.209819
1.650137 -4.483656 9.66628
1.666805 -1.281516 2.867357
1.683473 8.429795 -23.213895
1.700141 4.052288 -13.12397
1.716809 -6.591732 16.800221999999998
1.733477 -6.909833 17.901393
1.750145 -2.018437 4.8884989999999995
1.766813 4.618839 -12.161806
1.783481 5.384605 -10.161505
1.800149 -7.526835 21.359035
1.816817 -6.098788 10.060942
1.833485 3.171293 -9.44324
1.850153 10.99515 -32.08459
1.866821 -5.16491 16.95452
1.883489 -0.1659803 4.472497300000001
1.900158 -3.016559 5.348428
1.916826 -1.000435 -6.2979959999999995
1.933494 -2.563701 11.409023
1.950162 4.690817 -3.3482570000000003
1.96683 2.8008 -11.264306000000001
1.983498 -1.215864 0.07621600000000006
2.000166 -1.132835 -2.862934
2.016834 -2.266702 0.4142429999999999
2.033502 -1.158029 -2.24227
2.05017 1.049999 -1.9304052999999999
2.066838 2.063223 -4.630986
2.083506 1.743811 -5.234723
2.100174 -3.873225 0.4939420000000001
2.116842 -4.124801 1.2219929999999999
2.13351 -1.821404 8.842247
2.150178 5.118327 4.610454
2.166846 0.8079589 -7.2883029
2.183514 -1.659667 -4.523023
2.200182 -1.825858 3.049145
2.21685 4.894416 2.6910000000000007
2.233519 -1.729048 -3.694223
2.250187 -2.894543 -1.1921820000000003
2.266855 -0.657129 2.445135
2.283523 5.524039 -0.15992500000000032
2.300191 2.269828 1.1991200000000002
2.316859 -3.694656 1.607895
2.333527 -4.939948 -5.905881999999999
2.350195 -1.443359 -6.521881
2.366863 4.912464 -0.31465999999999994
2.383531 1.493896 6.152756
2.400199 0.2020198 3.9283591999999996
2.416867 -3.324366 3.1632411
2.433535 -1.868167 -5.024897
2.450203 -0.5740223 -1.5419357
2.466871 -1.129967 -6.581519
2.483539 -0.5549832 -2.9839678
2.500207 -0.3352829 -1.5549241
2.516875 0.2928306 2.6454484000000003
2.533543 -3.665226 -3.833745
2.550211 -0.5749937 -3.0619702999999996
2.566879 0.1462025 -1.3683555
2.583548 0.5989761 -4.6616361
2.600216 -0.8438056 -4.916357400000001
2.616884 -1.05428 -4.471890999999999
2.633552 -1.33154 -0.34281800000000007
2.65022 -0.5629042 -1.2444358
2.666888 -0.9943051 -2.3995919
2.683556 0.0862486 -5.4401036000000005
2.700224 -0.4298521 -7.2496899
2.716892 -1.334624 -6.265847
2.73356 -1.700522 1.1656118000000002
2.750228 1.776853 1.3445170000000002
2.766896 0.6170361 -0.37863899999999995
2.783564 -1.140453 0.00842199999999993
2.800232 -1.710752 -0.5607429999999998
2.8169 1.501286 -2.6679269999999997
2.833568 1.573334 -2.184444
2.850236 0.5221792 -1.6660132
2.866904 -1.170166 -1.795884
2.883572 -1.642738 -4.979119000000001
2.90024 -2.340365 -3.9235470000000006
2.916909 -1.149747 -3.649657
2.933577 -0.8681404 -3.2350546000000002
2.950245 -0.2072235 -6.6057205
2.966913 -0.5658553 0.797361
2.983581 -2.511593 0.805355
3.000249 -3.078118 3.5487409999999997
3.016917 0.9821521 -7.639125099999999
3.033585 2.907327 -4.55661
3.050253 -1.907998 -3.137981
3.066921 -3.550031 6.200853
3.083589 -2.526602 -3.011452
3.100257 0.4639352 3.1506808
3.116925 0.8234511 6.4184509
3.133593 0.8015887 2.7923173
3.150261 0.292161 -2.4344360000000003
3.166929 -1.436236 0.3398080000000001
3.183597 -0.64751 -1.266267
3.200265 1.233608 -2.8246070000000003
3.216933 2.076772 2.0718360000000002
3.233601 -0.3100474 3.3004254
3.250269 -2.809679 1.479118
3.266938 -2.017369 3.651892
3.283606 0.5377533 2.5348897
3.300274 2.696251 -9.088087
3.316942 2.296092 -8.561444
3.33361 -1.766108 4.580597
3.350278 -4.580469 16.367769
3.366946 -0.5914098 4.4060448
3.383614 5.583499 -9.310934
3.400282 0.5008169 -5.4276759000000006
3.41695 -3.672616 0.47558999999999996
3.433618 0.6824766 -4.1757626
3.450286 5.189204 -10.36425
3.466954 0.1697953 1.5958686999999998
3.483622 -5.477244 11.178902
3.50029 -1.708717 5.554185
3.516958 0.9817345 -4.8369995
3.533626 2.651111 -12.463267
3.550294 0.1655844 -5.5938554
3.566962 -2.86037 6.190305
3.58363 -0.2604996 1.2939446
3.600299 2.320764 -8.218212
3.616967 -3.336244 3.5942872
3.633635 -3.142405 2.4726863000000003
3.650303 -1.241481 7.5639460000000005
3.666971 0.3368299 -2.4581909
3.683639 -0.003766639 -4.628332361
3.700307 1.962217 -3.566628
3.716975 -0.3948436 4.9058915999999995
3.733643 0.4917014 -2.7627174
3.750311 1.298527 -1.8349161999999999
3.766979 2.453719 -4.148343
3.783647 0.8186476 -3.4325076
3.800315 -0.4042991 -1.6561568999999998
3.816983 -1.701648 13.874808
3.833651 4.663626 -12.304625999999999
3.850319 -2.164051 4.607316
3.866987 -1.029427 -5.7592669999999995
3.883655 -0.889978 5.7505690000000005
3.900323 1.595964 -5.429163
3.916991 0.7430444 2.4318096
3.933659 -2.681389 8.355194
3.950328 -1.607061 7.851443
3.966996 3.539842 -17.288452
3.983664 6.255395 -21.052585
4.000332 -5.028637 10.626356
4.017 -4.706103 15.176623
4.033668 -0.7469801 4.9326191
4.050336 1.794971 -1.0956264
4.067004 -1.880285 7.224673
4.083672 0.885364 -1.6772778000000002
4.10034 1.589847 -1.9141868
4.117008 4.449019 -8.225245
4.133676 -1.546874 10.289783
4.150344 -2.063347 5.379116
4.167012 -0.6763815 2.2537595
4.18368 1.346414 -0.5539691
4.200348 1.103467 -1.13445327
4.217016 3.58367 -3.9594656
4.233684 2.89993 -5.441132
4.250352 -0.3847151 1.9202900999999999
4.26702 -1.799369 4.028805
4.283689 -1.295194 10.857823
4.300357 -0.07048188 0.12141368999999999
4.317025 2.4535 -2.9031127
4.333693 3.940583 -6.951945
4.350361 0.6561617 -0.5234082
4.367029 -1.754839 2.1961389000000002
4.383697 0.6950966 2.4644194
4.400365 2.45858 2.9590859999999997
4.417033 -1.599797 1.6557365199999998
4.433701 0.1847912 -2.2860972
4.450369 0.8564548 -1.4837875
4.467037 -1.771922 5.425758999999999
4.483705 -3.825082 7.133155
4.500373 1.688837 2.838041
4.517041 2.699439 -3.0156728
4.533709 1.380491 -2.96669
4.550377 -0.9464235 1.192858
4.567045 -0.5065009 3.9248409000000004
4.583713 -0.1013723 1.1869543
4.600381 0.07532934 2.42241966
4.617049 -2.605274 9.133074
4.633718 -0.3868376 2.0757496
4.650386 -0.3886856 -2.4843653999999997
4.667054 -1.615838 1.2005721
4.683722 -0.00414759 2.24075059
4.70039 3.853096 -7.004777
4.717058 2.084754 2.9735709999999997
4.733726 0.1951765 1.7834984999999999
4.750394 0.1310588 -6.4916168
4.767062 -2.086876 -3.9708939999999995
4.78373 -1.547069 4.7110710000000005
4.800398 -1.479301 1.8594201
4.817066 -0.6499251 1.0820801
4.833734 -0.02295066 -1.05470834
4.850402 0.2106559 0.343484
4.86707 0.3318577 1.0080583
4.883738 -0.02996351 1.40095051
4.900406 -0.3962663 -1.2817027
4.917074 -2.79271 9.26987
4.933742 -0.2393171 3.2336951000000003
4.95041 -1.031468 2.357311
4.967078 2.702061 -7.492556
4.983747 4.234001 -6.989990000000001
5.000415 0.4377802 -1.0419496
5.017083 -2.018426 4.6202939999999995
5.033751 1.044205 -5.159184
5.050419 4.426469 -13.94593
5.067087 1.402486 -4.0606599999999995
5.083755 0.377281 3.254594
5.100423 -1.411026 7.575367
5.117091 0.6169819 -2.5967919
5.133759 0.9570797 -3.0894057
5.150427 0.753374 -0.4684022
5.167095 0.3410792 2.6228857999999997
5.183763 0.6621207 -2.4512807
5.200431 1.155328 -5.933855
5.217099 1.458931 -5.630109
5.233767 0.6291272 -2.7919502
5.250435 0.2688794 0.35599230000000004
5.267103 0.7356948 0.12574180000000001
5.283771 0.5614239 -0.05053540000000001
5.300439 0.4334414 -4.6337703999999995
5.317108 0.6461351 -2.0614101
5.333776 0.118083 3.244377
5.350444 -0.2631405 2.6241535
5.367112 -0.2378422 0.20342451
5.38378 0.06102863 1.12186937
5.400448 -0.4645868 5.1651688
5.417116 -1.037735 2.355535
5.433784 -1.012602 1.0793309
5.450452 0.1390701 0.5415913
5.46712 -0.0466508 5.5660828
5.483788 -2.024749 5.606700999999999
5.500456 -0.9729893 3.5414823
5.517124 -0.250686 3.376882
5.533792 -0.06394378 4.92070078
5.55046 -1.28587 3.396411
5.567128 0.5508762 0.11958019999999991
5.583796 -0.05634288 2.09753488
5.600464 -1.072567 4.738331
5.617132 -1.312542 5.04768
5.6338 0.4861138 1.7071952000000001
5.650468 -0.3945255 2.4909244999999998
5.667137 -1.139623 0.20326650000000002
5.683805 0.4084019 -1.2846907
5.700473 1.142054 -2.164072
5.717141 1.054843 -0.19448739999999998
5.733809 0.6834765 -0.4775402000000001
5.750477 0.9155416 -1.4042759
5.767145 -0.1885467 0.4582505
5.783813 1.232978 -2.340972
5.800481 1.185149 -1.6470803
5.817149 0.326298 -0.9175445
5.833817 -0.6223123 1.1060558
5.850485 0.3491842 -2.3288902
5.867153 0.9287653 -2.5748413
5.883821 -0.1595542 0.562192
5.900489 -1.236732 4.00273
5.917157 -0.8933435 2.6551755
5.933825 0.3800029 -1.9859619
5.950493 0.1715673 0.7488746000000001
5.967161 0.01346493 1.64711307
5.983829 -0.8454235 2.7648645
6.000498 -0.9057286 0.85308239
6.017166 0.5266902 -0.8412476
6.033834 1.225383 -2.5710759999999997
6.050502 0.7335532 -1.5655673
6.06717 -0.0514158 0.2587159
6.083838 0.1623453 -0.10824210000000001
6.100506 0.2882318 -0.13016579999999997
6.117174 -0.06035765 -0.5527609499999999
6.133842 -0.9813184 2.1148614
6.15051 -1.013808 2.8278030000000003
6.167178 0.4260374 0.09639889999999995
6.183846 0.6420584 -1.4490370000000001
6.200514 0.3597082 -1.0147677
6.217182 0.2963737 -0.7809788
6.23385 -0.06079751 -0.36758509
6.250518 -0.04577612 -0.17625058
6.267186 0.1942556 -0.5524186
6.283854 0.2353342 -0.5353490000000001
6.300522 -0.1915403 0.1009443
6.31719 0.1771514 -0.24789123
6.333858 0.463796 -0.09112899999999996
6.350527 -0.1576341 0.4353382
6.367195 -0.3148079 -0.15999050000000004
6.383863 -0.2341275 0.11372079999999998
6.400531 0.05571583 1.03056517
6.417199 -0.04965018 0.47424688
6.433867 -0.2270696 -0.431315
6.450535 -0.6475128 0.7010311
6.467203 -0.226327 0.4076748
6.483871 0.07725863 -0.41221063
6.500539 0.4090822 -1.383861
6.517207 0.342693 -0.4639662
6.533875 0.2246958 0.6241826
6.550543 -0.4076673 0.9977872000000001
6.567211 0.1829885 -1.1394877
6.583879 -0.1423765 -1.1967065000000001
6.600547 -0.9829161 1.9176082
6.617215 -0.8521163 2.4413112999999997
6.633883 -0.01118428 0.87409208
6.650551 0.4607859 -0.7774106000000001
6.667219 0.4745768 -1.1007777
6.683888 0.9994438 -2.6690048
6.700556 0.4170458 -1.6389158
6.717224 -1.21248 3.062167
6.733892 -1.023033 3.175892
6.75056 0.4086097 -0.9528713
6.767228 1.0407 -2.855817
6.783896 0.1581352 -0.8407537
6.800564 0.2085066 0.2197283
6.817232 0.1575208 0.5507559
6.8339 0.3235854 0.21167619999999998
6.850568 -0.2873045 -0.20951569999999997
6.867236 0.6142118 -1.44006
6.883904 0.3079068 0.0727524
6.900572 -0.004484821 0.784209021
6.91724 -0.5755726 0.9410381
6.933908 0.1784232 -0.10370962
6.950576 0.4067817 -0.6370879
6.967244 0.2989427 -0.39500287
6.983912 0.02972797 -0.057600200000000004
7.00058 -0.376348 1.5016410000000002
7.017248 0.40038 -0.7090917
7.033917 0.3320964 -1.7223244
7.050585 -0.04771668 -0.94395662
7.067253 -0.320894 1.942361
7.083921 0.03821153 1.5104914699999998
7.100589 0.2364138 -0.19628805
7.117257 -0.3027085 -0.059514999999999985
7.133925 0.02808483 -0.34111033
7.150593 0.253478 -0.20835904
7.167261 0.3379859 -0.010147300000000026
7.183929 -0.1682878 0.5873778000000001
7.200597 0.3456635 -0.41339984
7.217265 0.1942207 2.7734843000000002
7.233933 0.03618384 1.8344581599999998
7.250601 0.3088638 0.06746969999999997
7.267269 0.5264703 -1.2646882
7.283937 0.6046763 0.7412016999999999
7.300605 0.6063693 0.49703869999999994
7.317273 2.553303 -0.7540020000000001
7.333941 5.483745 -5.8092249
7.350609 3.007453 -2.1895116
7.367278 -3.105013 6.513764
7.383946 0.7338539 0.3254781
7.400614 4.693064 -4.5259756
7.417282 4.359748 -6.215983
7.43395 -0.6456972 -1.5392218
7.450618 -1.31561 4.732868
7.467286 0.3629869 4.0635151
7.483954 2.04781 1.480794
7.500622 2.469386 -2.2510933
7.51729 0.660132 3.6301110000000003
7.533958 2.738664 -3.864328
7.550626 1.703922 -1.72005708
7.567294 1.341393 -2.870858
7.583962 0.9483433 3.4172197
7.60063 -1.598118 7.957584000000001
7.617298 3.073453 0.28545799999999977
7.633966 0.922925 0.1926509999999999
7.650634 -2.238729 5.790523
7.667302 -1.232641 0.8635805000000001
7.68397 7.090167 -12.33024
7.700638 4.16924 -5.701373
7.717307 0.5577363 4.2411727
7.733975 -1.43128 5.045809
7.750643 0.1793697 2.0787493
7.767311 1.755167 -0.4300379999999999
7.783979 0.6647801 1.1308939
7.800647 -2.177065 3.633402
7.817315 5.414058 -6.547143999999999
7.833983 4.225376 -3.1592059999999997
7.850651 0.1830573 2.1576077
7.867319 -0.5531311 1.5012892
7.883987 1.656206 0.14493599999999995
7.900655 1.084545 2.1153589999999998
7.917323 1.576181 -2.3987316
7.933991 -0.7690116 1.4733106
7.950659 -3.226185 11.0409
7.967327 2.661076 -1.257596
7.983995 1.816169 -3.7466049999999997
8.000663 0.3470908 -1.4282877999999999
8.017331 -0.1479864 2.1270474
8.033999 0.7748593 -2.5252893
8.050667 -6.13683 10.141017
8.067336 1.524995 -2.5708260000000003
8.084004 2.081205 -3.3221170000000004
8.100672 2.946333 -8.649979
8.11734 -5.066393 5.9112445
8.134008 0.02256701 -0.7614489099999999
8.150676 1.617726 -2.2619964
8.167344 1.245726 -1.0006872000000002
8.184012 -0.8633769 0.051766599999999996
8.20068 -1.963354 2.1591661
8.217348 -0.7064581 -0.7112318999999999
8.234016 -0.6703298 1.0990336
8.250684 3.951982 -8.371007
8.267352 -1.308958 0.6190930000000001
8.28402 0.9645573 -2.4375473
8.300688 1.554766 -3.151522
8.317356 1.132245 -0.48140689999999997
8.334024 -0.6393712 -0.09831299999999998
8.350692 2.088846 -5.023751000000001
8.36736 -1.939196 3.546096
8.384028 -0.7920634 4.3550924
8.400697 3.139692 -6.3314140000000005
8.417365 4.089356 -11.594823000000002
8.434033 2.642658 -6.338966
8.450701 -1.9314 5.2554490000000005
8.467369 -7.85874 17.157988
8.484037 -3.669461 7.64686
8.500705 3.535962 -7.436726999999999
8.517373 3.648487 -7.525034
8.534041 2.485993 -6.462483000000001
8.550709 1.844205 -5.745102
8.567377 -0.3076911 -0.29470090000000004
8.584045 -7.108855 17.196385
8.600713 -0.2760094 2.9875514
8.617381 3.671093 -7.481847
8.634049 1.168918 -4.680363
8.650717 -7.432306 13.616928
8.667385 -3.154825 7.462565
8.684053 3.752915 -5.653084
8.700721 3.20734 -7.020576
8.717389 -0.530527 1.2109687
8.734057 0.0142123 0.6529184
8.750726 3.502808 -7.110542000000001
8.767394 0.3036667 0.8272063000000001
8.784062 -5.442158 12.101502
8.80073 -1.957035 3.899611
8.817398 2.569754 -5.361598000000001
8.834066 6.892861 -13.726567
8.850734 -1.23674 2.253634
8.867402 -3.473261 9.402346
8.88407 -3.038415 6.739006
8.900738 2.061063 -5.9959109999999995
8.917406 1.568192 -2.5613808000000002
8.934074 1.929131 -2.5137498
8.950742 -2.392699 4.89357
8.96741 -3.309875 7.721147
8.984078 -0.7196703 0.498112
9.000746 4.537341 -11.496991999999999
9.017414 3.719516 -10.302823
9.034082 0.478993 -1.0535559
9.05075 -4.043445 6.295789
9.067418 -0.5940247 -3.9025533000000006
9.084087 1.312135 -9.202232
9.100755 -1.73975 0.602053
9.117423 -5.335037 9.114115
9.134091 -3.166107 3.9032098
9.150759 -0.9887009 -3.4817761
9.167427 3.900162 -13.496857
9.184095 -5.501973 7.274934
9.200763 -6.911988 11.545670000000001
9.217431 -3.684013 2.2227840000000003
9.234099 3.204561 -11.07524
9.250767 -4.528136 6.824016
9.267435 -2.211659 1.2173460999999999
9.284103 -0.1960822 -2.0033078
9.300771 -2.584814 0.09872100000000028
9.317439 -4.974529 6.509226
9.334107 -1.591619 -0.1505780000000001
9.350775 0.840445 -4.041574
9.367443 1.312934 -6.751723
9.384111 0.3817027 -0.9283941
9.400779 -0.6340225 0.47910200000000003
9.417447 -4.966107 7.463249
9.434116 -7.485163 12.588778
9.450784 0.857058 -2.4394299999999998
9.467452 1.508757 -4.892467
9.48412 2.320242 -5.149996
9.500788 1.439933 -3.705755
9.517456 -0.2839626 -0.33860169999999995
9.534124 -7.476599 14.139043000000001
9.550792 -3.558935 6.680509
9.56746 4.650191 -11.645149
9.584128 0.783774 -4.163842
9.600796 -5.850211 10.030899
9.617464 -6.499098 11.098088
9.634132 0.08210426 -2.67739726
9.6508 3.122764 -9.035046000000001
9.667468 -2.581048 3.4620384
9.684136 -0.8368823 0.09635779999999994
9.700804 2.207613 -5.8656690000000005
9.717472 2.36061 -6.535767
9.73414 -2.667443 4.217069
9.750808 -1.524488 1.9910199
9.767477 2.858176 -6.03435
9.784145 -1.368859 2.2378733
9.800813 -3.314855 5.122429
9.817481 -1.527671 0.5630996
9.834149 3.742818 -8.680969000000001
9.850817 0.3087006 -0.5075179
9.867485 -2.231781 3.0817588999999996
9.884153 -5.044833 6.884302999999999
9.900821 -4.95861 6.77287
9.917489 -0.1685009 -1.7444841
9.934157 2.47669 -7.329946
9.950825 -0.07526524 -0.61100576
9.967493 -2.594241 4.097954
9.984161 -1.783944 1.1625797
10.00083 -4.1143 5.804977
10.0175 -2.55158 2.3834546
10.03417 1.939752 -7.9583829999999995
10.05083 2.470451 -9.194818
10.0675 -4.590924 7.848247000000001
10.08417 -1.981108 1.8647257000000002
10.10084 -3.537891 4.1904186
10.11751 0.1392032 -5.0134322
10.13417 -1.972044 1.7148321
10.15084 0.4809948 -2.5979678
10.16751 -7.107338 12.390912
10.18418 0.9099757 -6.9316317000000005
10.20085 0.5095397 -5.6475147
10.21751 3.889733 -10.295722
10.23418 -0.3737044 -1.0686166
10.25085 -2.989917 3.9952870000000003
10.26752 -6.699422 10.326893
10.28419 -0.9367262 -0.33214280000000007
10.30085 0.9130625 -5.0529455
10.31752 0.3114308 -0.782794
10.33419 -2.261016 3.4951860000000003
10.35086 -2.953568 5.319495
10.36753 -1.308121 -2.15939
10.38419 0.3562235 -2.5937225
10.40086 -2.04723 2.9755247999999996
10.41753 -1.810835 3.89455
10.4342 1.566934 -6.220534
10.45087 -0.6601483 1.3663196
10.46753 -3.020462 4.184162000000001
10.4842 0.7908517 -1.9438157
10.50087 0.9602135 -3.2208435
10.51754 -4.264522 7.702502000000001
10.53421 -2.74411 3.3336038
10.55087 1.083978 -3.0180860000000003
10.56754 1.677433 -5.081855
10.58421 -1.63906 2.1434458
10.60088 0.3018489 -1.0610468
10.61755 -1.471471 1.6664177
10.63422 -1.980946 3.511241
10.65088 -0.2688685 -0.6944984000000001
10.66755 1.156197 -1.3295409
10.68422 1.954893 -5.543924
10.70089 2.255315 -6.275748
10.71756 -1.787621 0.9326390999999999
10.73422 -3.714159 8.15171
10.75089 -3.699058 8.311898
10.76756 1.264732 -1.4669134
10.78423 1.671248 -5.22596
10.8009 0.5486442 -4.4962202
10.81756 -2.597913 4.823485
10.83423 1.449909 -2.4654309999999997
10.8509 3.176353 -5.0541920000000005
10.86757 -2.109768 5.845675
10.88424 -3.442406 6.724012
10.9009 4.54713 -7.985296
10.91757 2.050694 -2.7536107
10.93424 0.9473048 -2.2235088
10.95091 -0.3453707 1.2026716
10.96758 3.447834 -2.8040295
10.98424 -1.957398 5.993909
11.00091 0.4136199 -1.8919699
11.01758 1.510444 -5.726274999999999
11.03425 1.148151 -1.7674206
11.05092 3.495506 -2.7095512
11.06758 -0.7260419 6.6281869
11.08425 0.420824 -1.409249
11.10092 -2.157639 4.154343
11.11759 1.10575 -2.520228
11.13426 -2.168648 5.419559
11.15092 2.81317 -4.885739
11.16759 3.50689 -4.748865
11.18426 -1.241067 2.5534939999999997
11.20093 -1.393088 5.340546
11.2176 -2.085287 6.1545440000000005
11.23426 2.044797 -4.145227
11.25093 -1.534034 1.7487331
11.2676 -0.02040624 0.76941454
11.28427 2.121193 -2.6506968
11.30094 4.589589 -9.373667000000001
11.31761 0.266176 0.49418689999999993
11.33427 -3.764886 6.155577
11.35094 -2.000258 2.07847953
11.36761 -1.980962 2.5292179
11.38428 3.053266 -3.7911406
11.40095 -0.2984366 2.9945676
11.41761 0.7552127 -1.8391537
11.43428 1.687111 -3.305723
11.45095 1.826154 -2.7510607
11.46762 -2.191039 4.992614
11.48429 1.057585 0.02411500000000011
11.50095 2.310904 0.46342700000000026
11.51762 1.929156 -1.2470720000000002
11.53429 0.09679002 0.19548118
11.55096 0.6531821 1.0118759
11.56763 0.5945428 0.8426652
11.58429 2.743077 -4.761036
11.60096 0.5634563 2.4660567
11.61763 -0.4935418 2.8490088
11.6343 -0.6028382 0.8171778
11.65097 2.705462 -4.455514
11.66763 3.17676 -3.7366947999999995
11.6843 -2.39992 4.504655
11.70097 -5.266889 9.009319
11.71764 -0.320923 -0.44986339999999997
11.73431 6.433748 -12.35813
11.75097 0.7588406 -1.9665195999999998
11.76764 -1.100536 4.131739
11.78431 2.079933 -2.8398166
11.80098 -0.80287 -0.6572420000000001
11.81765 -8.027367 11.686717
11.83431 -4.923076 10.231966
11.85098 7.904664 -14.950803
11.86765 5.510488 -11.08536
11.88432 0.4948618 -1.126066
11.90099 -4.994202 13.496023
11.91765 1.239679 -4.523294
11.93432 -2.194358 2.5731876
11.95099 1.09699 -4.147722
11.96766 -1.182448 5.475739
11.98433 1.688203 -6.528612
12.001 -4.078511 5.638433
12.01766 -0.2151563 -1.7548857
12.03433 -4.55527 8.823465
12.051 -1.067788 -0.13029800000000002
12.06767 2.999167 -7.956856
12.08434 3.265693 -6.186953000000001
12.101 4.168999 -8.552916
12.11767 -1.22947 0.5196569000000001
12.13434 -2.322328 5.295421
12.15101 -3.382433 11.312498999999999
12.16768 4.495944 -5.744422999999999
12.18434 -1.924422 3.682474
12.20101 -0.763238 2.204819
12.21768 0.1380068 -0.40155260000000004
12.23435 -0.8607218 5.406677800000001
12.25102 -0.8859901 -0.24817689999999992
12.26768 1.69539 -3.503157
12.28435 -0.3604815 1.3564452999999999
12.30102 -0.07405591 3.52697691
12.31769 5.889037 -13.892368
12.33436 4.787131 -6.309678999999999
12.35102 -2.786899 6.457998
12.36769 -0.6671344 2.2565484000000002
12.38436 -1.543121 3.525534
12.40103 0.1519379 2.9513291
12.4177 3.074596 -2.1260847000000003
12.43436 9.77966 -14.30069
12.45103 2.520554 -4.186657
12.4677 -1.152867 1.8297259000000001
12.48437 1.970669 0.6310799999999999
12.50104 6.137667 -8.591653
12.5177 1.604447 0.211268
12.53437 -1.010319 7.175866
12.55104 2.066601 2.124406
12.56771 3.092382 -6.089212
12.58438 1.750284 1.1911859999999999
12.60104 0.5938351 4.3561959
12.61771 0.5319522 3.8709168
12.63438 -0.7136912 3.0001782
12.65105 -1.28634 7.100293
12.66772 0.4488204 0.11570360000000002
12.68439 0.8368113 -2.0005733
12.70105 1.869604 -4.386771
12.71772 0.6829096 -0.9884452
12.73439 0.4949897 -0.3842174
12.75106 -0.4713834 1.6794403999999998
12.76773 -0.7409611 0.8945812000000001
12.78439 0.394805 -0.5325165000000001
12.80106 0.1436748 0.3009704
12.81773 0.4229368 -0.5448429
12.8344 -0.2561571 -0.6586135
12.85107 0.3067398 -1.1306134
12.86773 -0.395795 -0.24117999999999995
12.8844 -0.7789839 -0.34462610000000005
12.90107 -0.2968476 -0.386857
12.91774 0.06304256 0.10402844
12.93441 0.04722084 0.6247204599999999
12.95107 -1.013963 1.354272
12.96774 -0.3592131 0.1756861
12.98441 0.581641 -0.6238962299999999
13.00108 -0.1108553 1.2907363
13.01775 -0.8456764 1.7722614
13.03441 0.02519546 0.05197913
13.05108 0.03762182 0.52948738
13.06775 -1.170483 2.373095
13.08442 -0.8617503 1.7251262
13.10109 0.4648018 -0.54907403
13.11775 0.1430676 0.019120900000000024
13.13442 0.3073115 -0.9941941000000001
13.15109 0.7960757 -1.0204114
13.16776 0.7036588 0.08620039999999995
13.18443 0.7993562 -0.5808732999999999
13.20109 1.030292 -2.2745569999999997
13.21776 0.9547809 -2.0664699
13.23443 -0.08839401 1.75156401
13.2511 -0.161633 1.811346
13.26777 -0.4221488 2.0358718
13.28443 -0.2679605 2.1900215
13.3011 0.1477746 4.6998434
13.31777 0.1342121 2.3501328999999997
13.33444 -0.08188899 1.06471049
13.35111 0.1863365 0.2346344
13.36778 1.130412 -0.07926300000000008
13.38444 3.241498 -5.369077
13.40111 0.6841514 -0.70707594
13.41778 -1.306522 3.7706229999999996
13.43445 -1.662062 3.225453
13.45112 0.3407029 0.44531650000000006
13.46778 -0.5999804 2.8752424000000003
13.48445 0.4972775 0.2946262
13.50112 0.6942536 -4.3019746
13.51779 0.5888251 0.11478900000000003
13.53446 0.5367958 1.1974521999999999
13.55112 1.239367 -2.0178724
13.56779 0.4362276 -0.6352942
13.58446 0.02689805 1.9605039499999999
13.60113 0.09473871 2.61517629
13.6178 0.6316498 2.4158182
13.63446 -1.440056 6.504436
13.65113 -0.680199 1.415665
13.6678 3.332843 -3.6213962
13.68447 7.37993 -7.8208386
13.70114 3.406898 -5.166246
13.7178 -1.003859 2.335012
13.73447 1.157406 1.283284
13.75114 4.185897 -1.3178989999999997
13.76781 3.920693 -3.2140277
13.78448 2.907579 -0.06868000000000007
13.80114 4.563049 -4.9556148
13.81781 3.101276 -2.0820790000000002
13.83448 3.172229 -1.12657
13.85115 2.453678 -1.4276200000000001
13.86782 2.352859 -4.564971
13.88448 1.823109 -0.5187620000000002
13.90115 -0.3676251 4.4655420999999995
13.91782 0.1399238 -2.6031238
13.93449 0.05779623 -0.28840313
13.95116 0.7688404 4.9082776
13.96782 2.261673 2.2749740000000003
13.98449 1.840623 -3.510656
14.00116 0.7936575 -2.0205195
14.01783 -0.1964453 2.1677063
14.0345 2.465831 -6.316526
14.05117 -0.7403789 -1.8173610999999998
14.06783 -0.8234229 2.1927899
14.0845 -0.5779303 6.7784313
14.10117 -0.5924939 2.1120308999999997
14.11784 1.202084 -3.064318
14.13451 1.423805 -0.8383870999999999
14.15117 2.898096 -3.0618234999999996
14.16784 -3.085707 7.327718
14.18451 2.1853 -2.1521793899999997
14.20118 1.350675 -1.25355134
14.21785 0.6755449 1.1854911
14.23451 -5.04132 9.649346999999999
14.25118 -3.287509 6.886148
14.26785 1.263397 -1.4770830000000001
14.28452 7.395388 -8.988748
14.30119 2.254779 -0.5429760000000001
14.31785 -7.430237 14.961860999999999
14.33452 -2.914458 -1.6269049999999994
14.35119 4.13019 -12.497602
14.36786 -0.9577726 5.5805946
14.38453 -3.043149 9.74535
14.40119 2.526682 -4.638674
14.41786 1.496242 -2.962301
14.43453 -2.60088 6.695754
14.4512 2.426451 -6.728785
14.46787 0.9170388 -0.4879296
14.48453 -1.677807 6.645065000000001
14.5012 -0.07957523 3.85517223
14.51787 3.737404 -5.963380000000001
14.53454 0.6611835 1.1120915
14.55121 -1.719792 8.154602
14.56787 0.8567602 2.6029657999999998
14.58454 5.619455 -10.869825
14.60121 5.345916 -13.594570999999998
14.61788 0.4929102 3.5452618000000005
14.63455 -0.1476932 6.9445802
14.65121 -1.043746 6.824593999999999
14.66788 -0.3224434 0.8783165
14.68455 0.04632938 2.92687562
14.70122 1.65171 -4.088065
14.71789 0.2142907 0.22782599999999997
14.73456 0.8767964 -1.4669131000000002
14.75122 -1.421496 5.103651
14.76789 -0.4503013 -0.23260970000000003
14.78456 -1.427839 3.233503
14.80123 2.817445 -3.936013
14.8179 3.34835 -3.2099276999999997
14.83456 4.180378 -12.004513
14.85123 -3.240167 6.199795
14.8679 -4.962641 9.78996
14.88457 -3.075601 7.302621
14.90124 3.336725 -9.970189
14.9179 -4.281522 7.6689039999999995
14.93457 -5.918594 10.323386
14.95124 0.1214762 -0.8610108000000001
14.96791 3.582389 -7.444274
14.98458 0.8229368 -1.9439678000000002
15.00124 -2.414946 2.9353029
15.01791 -7.428933 12.839609
15.03458 -3.25958 3.9683734
15.05125 0.6181003 -6.9623253
15.06792 3.75966 -9.387906
15.08458 -1.456145 5.202497
15.10125 -3.051893 6.608791
15.11792 -4.097024 3.06975
15.13459 0.6836608 -6.2331748000000005
15.15126 -0.5694163 -2.2969277
15.16792 0.4947438 -1.9649197999999999
15.18459 0.1600719 3.1858041
15.20126 0.3410075 -3.1493265
15.21793 -1.90453 -1.824502
15.2346 -0.6206356 -9.4583244
15.25126 -1.891007 0.403694
15.26793 3.334439 -8.076231
15.2846 3.899322 -6.660515
15.30127 -4.753532 9.710925
15.31794 -5.928388 13.192269
15.3346 -3.477056 5.8240300000000005
15.35127 2.166893 -7.626771
15.36794 2.808575 -8.080551
15.38461 -2.928837 5.927815000000001
15.40128 -2.074895 -1.2583539999999998
15.41794 -1.648634 1.3832341
15.43461 0.1944053 -1.7748203
15.45128 -2.967797 8.038838
15.46795 1.283621 -9.001579999999999
15.48462 -0.9874598 -2.0731742
15.50129 -2.653663 -0.259242
15.51795 -3.436453 9.050352
15.53462 -2.692812 7.409422
15.55129 2.477873 -5.291726000000001
15.56796 0.8739815 -2.4689034999999997
15.58463 3.399921 -5.546526999999999
15.60129 -1.276207 1.7878396
15.61796 -0.6731986 0.2110997
15.63463 -0.3282743 1.2834972
15.6513 4.656889 -9.667895
15.66797 -0.9885657 3.6618557000000003
15.68463 -0.8730831 0.4733944
15.7013 3.258024 -6.052391
15.71797 -0.1709009 1.5822999
15.73464 -2.85621 7.829158
15.75131 0.9669322 -6.526472200000001
15.76797 0.02570264 -2.58265164
15.78464 -1.605377 -1.2751529999999998
15.80131 -1.612098 -0.03784799999999988
15.81798 0.7483069 -4.5249439
15.83465 -3.251659 6.70533
15.85131 -2.091021 2.430412
15.86798 -0.4696789 1.2871119
15.88465 0.497196 -3.3797420000000002
15.90132 -0.2449717 -4.8534733
15.91799 -2.315564 -0.2338659999999999
15.93465 -2.423847 4.032211
15.95132 1.063754 2.1601879999999998
15.96799 0.5370709 -2.0122508999999997
15.98466 -0.8332982 -0.4775788000000001
16.00133 -1.385295 -4.040678
16.01799 1.408239 -6.268419
16.03466 0.6863284 -4.3151774000000005
16.05133 -1.598421 8.361535
16.068 -1.583009 2.920449
16.08467 -0.6202414 -4.7026186
16.10133 2.023597 -13.425147
16.118 -0.9172149 1.0088544700000002
16.13467 -2.808493 4.185809
16.15134 -1.080689 0.23183640000000005
16.16801 0.8085659 -5.908464899999999
16.18468 -1.897591 1.893936793
16.20134 -4.063618 1.024476
16.21801 -3.111679 1.450846
16.23468 -0.7039746 -1.1643964
16.25135 0.006313763 -2.316480763
16.26802 -1.427501 -2.1198710000000003
16.28468 -2.174968 2.2330250699999996
16.30135 -0.8999032 1.388519
16.31802 -1.256745 0.8761581
16.33469 -0.6536363 -1.7664947
16.35136 0.2938273 -5.6164593
16.36802 -0.5297359 1.224836
16.38469 -0.6988775 1.3775124
16.40136 -0.0755781 -0.2797058
16.41803 0.3546005 -1.6767455
16.4347 0.1797231 0.8406599
16.45136 -0.6948962 -4.0258168
16.46803 -2.175691 -3.8963509999999997
16.4847 -1.827796 -0.652738
16.50137 0.1734096 -1.9928986
16.51804 -1.400008 2.1545589
16.5347 -2.834925 3.7757775000000002
16.55137 -0.3366964 -0.4311089
16.56804 1.496773 -8.631536
16.58471 -3.663118 7.358271
16.60138 -3.630355 6.4828600000000005
16.61804 -2.936295 2.87702111
16.63471 -1.799843 -7.831072999999999
16.65138 -4.904044 1.013836
16.66805 -1.632161 1.2667043
16.68472 -3.95928 9.350060000000001
16.70138 -0.1956675 -6.1977615
16.71805 0.4404882 -8.235865200000001
16.73472 -1.882357 -0.5397369999999999
16.75139 -5.605046 7.020901
16.76806 0.9701959 -5.2547999
16.78472 1.39853 -3.395447
16.80139 -1.673384 0.18390299999999993
16.81806 -2.853453 -0.6695069999999999
16.83473 1.43757 -5.717758
16.8514 1.548239 -3.7741160000000002
16.86807 1.815454 -1.6696735999999999
16.88473 -3.875398 4.976013
16.9014 -0.2582026 -8.1257854
16.91807 -1.158497 -4.449203000000001
16.93474 -2.470169 8.147189
16.95141 -4.981005 8.392797
16.96807 -4.41011 2.1700890000000004
16.98474 -0.8172459 -4.1415821
17.00141 1.552524 -2.2390703
17.01808 5.665175 -11.271362
17.03475 2.005766 -3.683522
17.05141 -1.489185 3.399111
17.06808 -6.297691 10.940758
17.08475 -2.498516 4.647765
17.10142 0.04423217 1.9167488300000002
17.11809 1.062727 -1.01714282
17.13475 2.231014 -6.116507
17.15142 0.2155439 1.8669731
17.16809 -1.618216 1.3274632000000002
17.18476 1.969609 -12.098669000000001
17.20143 1.358711 -7.846622999999999
17.21809 -2.686 11.033933
17.23476 -1.625436 9.054763
17.25143 -1.257875 1.5372259000000001
17.2681 -3.378601 -1.66907
17.28477 0.002866151 -7.884095151
17.30143 1.717614 -0.4884470000000001
17.3181 2.651739 0.7313199999999997
17.33477 -3.354483 7.912649
17.35144 0.6549768 -5.7312928
17.36811 -5.237885 8.248662
17.38477 3.402952 -10.518184
17.40144 1.861433 -5.876429
17.41811 4.609233 -9.324766
17.43478 -3.187612 12.524308999999999
17.45145 -1.727853 3.168819
17.46811 -1.541361 -0.08278800000000008
17.48478 0.3168873 -1.5836622999999999
17.50145 3.846521 0.2276049999999996
17.51812 -0.7062369 5.053444900000001
17.53479 -3.238271 7.736148
17.55146 -2.448371 5.0406130000000005
17.56812 1.440459 -2.4370104
17.58479 1.788462 -4.39185
17.60146 1.088984 -1.3349613
17.61813 1.709543 0.8402599999999998
17.6348 -2.722211 11.60071
17.65146 -1.284297 4.481411
17.66813 0.3549058 -5.5465018
17.6848 -1.20338 8.127925
17.70147 -3.229293 14.726873
17.71814 0.9229145 0.39386350000000003
17.7348 6.659578 -19.815488000000002
17.75147 6.325862 -18.839202
17.76814 -3.732575 13.768765
17.78481 1.020933 -1.05121228
17.80148 4.843797 -7.552786
17.81814 -6.2732 12.919048
17.83481 -6.689335 13.068708
17.85148 5.428187 -21.924287
17.86815 8.688938 -14.278338999999999
17.88482 -2.19349 12.31808
17.90148 2.892132 -0.09479499999999996
17.91815 -0.6862832 0.64978679
17.93482 -1.287743 -1.874248
17.95149 -2.841373 1.9941228
17.96816 -0.09918787 4.31418187
17.98482 5.35576 -11.737098
18.00149 5.043402 -14.226232
18.01816 -3.063797 4.549431
18.03483 -5.024828 8.974072
18.0515 -0.4035024 -2.1584426000000003
18.06816 0.6546886 -2.4721246
18.08483 1.198182 -0.4800437000000001
18.1015 1.887379 -6.438564
18.11817 1.147979 -4.365971
18.13484 -4.020989 6.671390000000001
18.1515 0.03185442 1.74316658
18.16817 -0.6312266 -1.1477274
18.18484 2.458422 -1.9638503
18.20151 -0.2649669 -4.6037121
18.21818 4.190528 -12.813892
18.23485 -1.502876 5.398434
18.25151 -1.062211 3.759095
18.26818 0.6396779 -8.933024900000001
18.28485 2.108221 -7.837693
18.30152 -0.2268268 1.6288038
18.31819 1.650333 -3.633823
18.33485 -1.10183 3.857409
18.35152 -0.135465 4.92061
18.36819 0.9921848 -6.4527088
18.38486 4.005327 -11.102298000000001
18.40153 2.125337 -1.3352514
18.41819 2.569086 -0.08841700000000019
18.43486 0.3824396 3.7655733999999996
18.45153 -0.9570097 3.8421477
18.4682 -0.1217395 -1.5806195
18.48487 -0.3215546 1.0627512000000001
18.50153 2.883005 2.0292270000000006
18.5182 2.762247 -1.8615064
18.53487 1.979237 -3.9742569999999997
18.55154 -1.728082 6.18696
18.56821 0.3815052 4.3509278
18.58487 3.631171 -4.817398
18.60154 -0.3153369 2.1218959
18.61821 -2.896193 7.791558
18.63488 0.112632 2.781926
18.65155 4.763308 -3.098275
18.66821 -0.8134599 5.981595899999999
18.68488 2.488349 -2.6418425
18.70155 5.163917 -6.848967999999999
18.71822 -1.863955 10.791836
18.73489 -5.698836 13.313223
18.75155 3.032067 -5.67577
18.76822 3.700098 -6.647092000000001
18.78489 0.09554825 -0.88082775
18.80156 1.110941 -2.48268
18.81823 4.140167 -3.8986402
18.83489 -1.754646 3.643103
18.85156 -3.779206 7.0357140000000005
18.86823 -2.104751 3.320989
18.8849 -0.2332226 5.016413600000001
18.90157 -0.4393195 1.8933545
18.91824 -2.775019 7.9762260000000005
18.9349 1.784331 -4.289645999999999
18.95157 -1.009484 2.749689
18.96824 2.101911 -4.955809
18.98491 0.7978432 -0.38616589999999995
19.00158 1.66636 -2.956281
19.01824 -3.632285 8.330162
19.03491 0.370365 -2.185635
19.05158 0.9490497 -0.7701476
19.06825 0.9819787 -1.7353774
19.08492 2.327662 -2.34513055
19.10158 4.360423 -9.866661
19.11825 1.26538 0.49798699999999996
19.13492 -3.018873 7.134582
19.15159 -3.185794 4.28955
19.16826 -0.7163171 -1.3501469
19.18492 0.1816345 1.2365975
19.20159 -3.7441 5.827609
19.21826 -2.089682 3.453024
19.23493 -0.4605722 5.8775322
19.2516 -1.612554 7.166721
19.26826 -3.60727 4.0416961
19.28493 -1.335809 4.500852
19.3016 0.8978367 -1.7108078
19.31827 -0.3555965 0.42441247
19.33494 1.115858 -3.5393660000000002
19.3516 -0.07300806 4.357864060000001
19.36827 5.240654 -10.572338
19.38494 0.3092539 1.8450090999999997
19.40161 0.6360483 1.7703427
19.41828 -0.6726508 2.5082237999999997
19.43494 3.419321 -7.991255
19.45161 -4.13441 10.252404
19.46828 -1.752862 10.715573000000001
19.48495 3.347273 -3.0953983
19.50162 7.759914 -14.015920000000001
19.51828 0.05793248 0.22577702
19.53495 -0.2626701 4.2833701
19.55162 -2.400931 8.064413
19.56829 1.175055 2.025668
19.58496 3.949936 -4.7738362
19.60163 6.112505 -11.070143
19.61829 -0.7428174 3.7544193999999997
19.63496 -0.6540358 3.9953558
19.65163 1.087799 0.6751020000000001
19.6683 1.105109 -2.173154
19.68497 0.6256681 -0.26605039999999996
19.70163 0.4050503 0.25356560000000006
19.7183 0.09738604 1.39395096
19.73497 0.4566689 -0.53004991
19.75164 -0.5269981 0.8578721
19.76831 -0.174039 1.146128
19.78497 0.3201344 2.8095716
19.80164 1.750298 -1.5259966999999999
19.81831 0.3602434 -2.0364234
19.83498 0.08697992 -2.16722792
19.85165 -0.6340202 2.8406512
19.86831 0.05994147 3.07236553
19.88498 -0.1734466 0.8924056
19.90165 0.8637876 -4.2728246
19.91832 0.0997256 -2.4710896
19.93499 0.2777382 -0.5311922
19.95165 -0.6048682 1.5343467
19.96832 0.2686909 -1.6926529
19.98499 -0.240295 -0.9193889999999999
20.00166 0.5267903 -1.0669391
20.01833 0.248295 -0.14490209999999998
20.03499 -0.7018589 -0.06720690000000007
20.05166 -0.1651381 -0.8326613
20.06833 0.3468795 -0.4969485
20.085 0.3468795 -0.4969485
20.10167 0.3468795 -0.4969485
