0.0333361 -1.577741 0.48060500000000017
0.05000415 -1.576525 0.4791099999999999
0.06667219 -1.575296 0.47827
0.08334024 -1.574571 0.4790969999999999
0.1000083 -1.573252 0.4781440000000001
0.1166763 -1.572467 0.47763
0.1333444 -1.571752 0.4776610000000001
0.1500124 -1.572143 0.4834120000000002
0.1666805 -1.57215 0.487163
0.1833485 -1.57149 0.488826
0.2000166 -1.57128 0.49058
0.2166846 -1.56935 0.4894400000000001
0.2333527 -1.568181 0.492359
0.2500207 -1.56736 0.4961490000000002
0.2666888 -1.566723 0.499703
0.2833568 -1.566164 0.508276
0.3000249 -1.564609 0.512891
0.3166929 -1.563446 0.5197609999999999
0.333361 -1.561056 0.523725
0.350029 -1.55959 0.5355860000000001
0.3666971 -1.555931 0.5407359999999999
0.3833651 -1.553115 0.549142
0.4000332 -1.549124 0.5555443
0.4167012 -1.541726 0.5551526999999999
0.4333693 -1.539878 0.5663344000000001
0.4500373 -1.53663 0.5775691999999999
0.4667054 -1.530307 0.5834605
0.4833734 -1.525129 0.5919580999999999
0.5000415 -1.52212 0.6075708999999999
0.5167095 -1.515482 0.6134781
0.5333776 -1.510324 0.6273936
0.5500456 -1.500866 0.6256392000000001
0.5667137 -1.495643 0.6404167000000001
0.5833817 -1.491133 0.6531356
0.6000498 -1.486375 0.6645241
0.6167178 -1.482529 0.6775167
0.6333858 -1.473686 0.6821612
0.6500539 -1.47054 0.6995705999999999
0.6667219 -1.466661 0.7157083
0.68339 -1.463734 0.7308853000000001
0.700058 -1.459301 0.7426664
0.7167261 -1.45918 0.7675867999999999
0.7333941 -1.453974 0.7758390000000001
0.7500622 -1.450282 0.7921790000000001
0.7667302 -1.447123 0.8066738999999999
0.7833983 -1.445204 0.8261828999999999
0.8000663 -1.443906 0.8466575
0.8167344 -1.442137 0.8650319
0.8334024 -1.440348 0.8831644
0.8500705 -1.438401 0.9036623
0.8667385 -1.438003 0.9265686
0.8834066 -1.436456 0.9496781
0.9000746 -1.436053 0.9717309000000001
0.9167427 -1.4335 0.9925820000000001
0.9334107 -1.43197 1.0128049
0.9500788 -1.429978 1.0301462
0.9667468 -1.429495 1.0535602
0.9834149 -1.426174 1.076875
1.000083 -1.422554 1.0918394
1.016751 -1.420289 1.1127202
1.033419 -1.416596 1.1348288
1.050087 -1.41378 1.1569853
1.066755 -1.410769 1.1762325999999999
1.083423 -1.408768 1.1974537
1.100091 -1.405599 1.2169082
1.116759 -1.40237 1.2379008999999999
1.133427 -1.400769 1.2597288
1.150095 -1.39697 1.2770756
1.166763 -1.39351 1.29504295
1.183431 -1.38837 1.31105658
1.2001 -1.384952 1.33189727
1.216768 -1.382153 1.35110773
1.233436 -1.376928 1.368781911
1.250104 -1.372493 1.38424312
1.266772 -1.366657 1.39874064
1.28344 -1.359783 1.4097509099999999
1.300108 -1.357119 1.4286838499999999
1.316776 -1.351492 1.4507735099999999
1.333444 -1.345873 1.4606316000000001
1.350112 -1.346287 1.4949324
1.36678 -1.340475 1.5128000000000001
1.383448 -1.337744 1.5344622
1.400116 -1.330357 1.5442713000000001
1.416784 -1.32497 1.5653224
1.433452 -1.320849 1.5814157999999998
1.45012 -1.314731 1.5999299
1.466788 -1.308217 1.6116470999999999
1.483456 -1.301336 1.6243708000000001
1.500124 -1.292777 1.631856
1.516792 -1.288305 1.6530232
1.53346 -1.282779 1.6668208
1.550129 -1.277972 1.6837154
1.566797 -1.270672 1.6947899
1.583465 -1.26321 1.7075987
1.600133 -1.254441 1.7149458
1.616801 -1.245925 1.7209821
1.633469 -1.2418 1.7424395000000001
1.650137 -1.233581 1.7466309
1.666805 -1.229245 1.7644199999999999
1.683473 -1.227537 1.7884758
1.700141 -1.21925 1.7923216
1.716809 -1.210009 1.7976478
1.733477 -1.204838 1.8082037
1.750145 -1.200924 1.8257676000000003
1.766813 -1.197772 1.8449935000000002
1.783481 -1.194183 1.8594716999999998
1.800149 -1.185998 1.8675865000000003
1.816817 -1.179909 1.8801149000000001
1.833485 -1.182589 1.9131513
1.850153 -1.175948 1.9207927
1.866821 -1.171437 1.9368384
1.883489 -1.162363 1.9344800000000002
1.900158 -1.163025 1.9678071
1.916826 -1.153806 1.9703569
1.933494 -1.152605 1.9885867000000002
1.950162 -1.150231 2.0079511
1.96683 -1.144092 2.0210268
1.983498 -1.140213 2.0391456999999997
2.000166 -1.133986 2.0450371
2.016834 -1.130202 2.0642996
2.033502 -1.126203 2.0729497
2.05017 -1.122288 2.0845507
2.066838 -1.119588 2.1001579
2.083506 -1.11396 2.1049275
2.100174 -1.109503 2.117445
2.116842 -1.104523 2.12409
2.13351 -1.102922 2.132276
2.150178 -1.100785 2.1452099999999996
2.166846 -1.097844 2.158077
2.183514 -1.091669 2.170779
2.200182 -1.090363 2.17671
2.21685 -1.086601 2.1885649999999996
2.233519 -1.08343 2.20127
2.250187 -1.07707 2.2093920000000002
2.266855 -1.076583 2.2199470000000003
2.283523 -1.07329 2.230277
2.300191 -1.068972 2.240889
2.316859 -1.063627 2.251147
2.333527 -1.05864 2.2628190000000004
2.350195 -1.057735 2.2742880000000003
2.366863 -1.055152 2.278906
2.383531 -1.052408 2.2876630000000002
2.400199 -1.046807 2.296755
2.416867 -1.0442 2.307188
2.433535 -1.039762 2.3190939999999998
2.450203 -1.038309 2.3305249999999997
2.466871 -1.036026 2.336309
2.483539 -1.032561 2.34954
2.500207 -1.032797 2.350849
2.516875 -1.029204 2.359694
2.533543 -1.027979 2.3676440000000003
2.550211 -1.026746 2.371972
2.566879 -1.026721 2.378902
2.583548 -1.025451 2.382575
2.600216 -1.024698 2.3872
2.616884 -1.023832 2.3891210000000003
2.633552 -1.023439 2.389366
2.65022 -1.023474 2.3904810000000003
2.666888 -1.023689 2.391634
2.683556 -1.023754 2.390652
2.700224 -1.024831 2.390502
2.716892 -1.024456 2.3859500000000002
2.73356 -1.025664 2.3801189999999997
2.750228 -1.027247 2.374517
2.766896 -1.028338 2.370984
2.783564 -1.028065 2.3654260000000003
2.800232 -1.02973 2.360468
2.8169 -1.03096 2.356642
2.833568 -1.032568 2.349973
2.850236 -1.032584 2.343842
2.866904 -1.033081 2.337625
2.883572 -1.033941 2.32938
2.90024 -1.034913 2.322517
2.916909 -1.03695 2.310766
2.933577 -1.039554 2.301151
2.950245 -1.041361 2.289673
2.966913 -1.04464 2.275708
2.983581 -1.046709 2.2609139999999996
3.000249 -1.049671 2.2506250000000003
3.016917 -1.054945 2.2351900000000002
3.033585 -1.058851 2.226419
3.050253 -1.061543 2.205373
3.066921 -1.064597 2.191646
3.083589 -1.070177 2.176164
3.100257 -1.075057 2.162023
3.116925 -1.080918 2.144698
3.133593 -1.085556 2.133871
3.150261 -1.090247 2.122721
3.166929 -1.095302 2.108273
3.183597 -1.099475 2.0967294
3.200265 -1.106003 2.0844571
3.216933 -1.110509 2.0691409
3.233601 -1.114494 2.0563734
3.250269 -1.119264 2.0448416
3.266938 -1.123679 2.0321165
3.283606 -1.130572 2.0213826
3.300274 -1.136065 2.0124063000000003
3.316942 -1.140657 2.0012666
3.33361 -1.145379 1.9827786
3.350278 -1.148575 1.9691530999999998
3.366946 -1.155648 1.9600365
3.383614 -1.162884 1.9552064
3.400282 -1.166573 1.9437208000000001
3.41695 -1.169991 1.9288796000000001
3.433618 -1.176876 1.9204509
3.450286 -1.182402 1.9062213
3.466954 -1.185836 1.8902207999999998
3.483622 -1.188722 1.8726012
3.50029 -1.194357 1.8607326999999998
3.516958 -1.201741 1.8527244999999999
3.533626 -1.205414 1.838575
3.550294 -1.211951 1.8250754
3.566962 -1.215325 1.8046246
3.58363 -1.220418 1.7885117
3.600299 -1.228877 1.7788621
3.616967 -1.230822 1.7564384
3.633635 -1.236915 1.738722
3.650303 -1.246543 1.7302126
3.666971 -1.249775 1.7055888000000001
3.683639 -1.260274 1.7032843999999998
3.700307 -1.265941 1.6812253
3.716975 -1.271593 1.6619793999999999
3.733643 -1.280191 1.6548001
3.750311 -1.284769 1.6314775
3.766979 -1.291953 1.6176173
3.783647 -1.297986 1.6039233000000002
3.800315 -1.300754 1.5764846
3.816983 -1.308774 1.566159
3.833651 -1.312574 1.5422981999999998
3.850319 -1.319107 1.5351171000000001
3.866987 -1.321227 1.5044894
3.883655 -1.329337 1.4968308
3.900323 -1.333875 1.472565
3.916991 -1.338647 1.4558324999999999
3.933659 -1.345088 1.43912851
3.950328 -1.348069 1.41721266
3.966996 -1.357178 1.41120925
3.983664 -1.362118 1.3941829799999998
4.000332 -1.363741 1.360969357
4.017 -1.368427 1.34259197
4.033668 -1.376725 1.32847931
4.050336 -1.381118 1.3078889900000001
4.067004 -1.388482 1.2975453
4.083672 -1.393549 1.2772436999999999
4.10034 -1.400918 1.2686558000000001
4.117008 -1.406271 1.2508254
4.133676 -1.410801 1.2332847
4.150344 -1.414256 1.2165551
4.167012 -1.42165 1.2083227
4.18368 -1.426216 1.1917626
4.200348 -1.431743 1.1813884
4.217016 -1.437347 1.169524
4.233684 -1.440802 1.1526063
4.250352 -1.443919 1.1409089
4.26702 -1.446873 1.1211447
4.283689 -1.450784 1.1101278
4.300357 -1.455172 1.0979737999999999
4.317025 -1.459146 1.0893337
4.333693 -1.463333 1.0766784
4.350361 -1.46523 1.0637104000000002
4.367029 -1.466517 1.0484669000000002
4.383697 -1.47037 1.0364393
4.400365 -1.472691 1.0239994
4.417033 -1.474069 1.0113589
4.433701 -1.476003 1.0023083
4.450369 -1.4796 0.9896818000000001
4.467037 -1.479967 0.9766068
4.483705 -1.482684 0.9663385999999999
4.500373 -1.486829 0.957584
4.517041 -1.4902 0.9506863
4.533709 -1.491662 0.9422488
4.550377 -1.494138 0.9313332
4.567045 -1.49566 0.9227904
4.583713 -1.498519 0.9143260999999999
4.600381 -1.500819 0.9071871999999999
4.617049 -1.502719 0.8991355999999999
4.633718 -1.505704 0.8934819999999999
4.650386 -1.509994 0.8940231000000001
4.667054 -1.511618 0.8848925999999999
4.683722 -1.516314 0.8816594999999999
4.70039 -1.52064 0.8804202
4.717058 -1.522453 0.8724713000000001
4.733726 -1.524659 0.8657824
4.750394 -1.526761 0.8668034
4.767062 -1.528436 0.8567332999999999
4.78373 -1.530728 0.8492785
4.800398 -1.534551 0.8451319
4.817066 -1.536965 0.8379882999999999
4.833734 -1.5414 0.8338401000000001
4.850402 -1.544844 0.8292474000000001
4.86707 -1.547775 0.8212997999999999
4.883738 -1.552262 0.8191633
4.900406 -1.554606 0.8126458
4.917074 -1.558637 0.8082501000000001
4.933742 -1.562665 0.8038058
4.95041 -1.567727 0.8063263
4.967078 -1.571474 0.8015924
4.983747 -1.577162 0.8030668
5.000415 -1.578626 0.7951983000000001
5.017083 -1.580369 0.7883403999999999
5.033751 -1.585492 0.7882965999999999
5.050419 -1.587228 0.7815127000000001
5.067087 -1.589649 0.7730087000000001
5.083755 -1.590126 0.7602663999999999
5.100423 -1.591471 0.7516543000000001
5.117091 -1.593091 0.7442492
5.133759 -1.594802 0.7382679000000001
5.150427 -1.595502 0.7264195999999999
5.167095 -1.596697 0.7189445
5.183763 -1.597428 0.7103212000000001
5.200431 -1.598028 0.7015965
5.217099 -1.598645 0.6917891
5.233767 -1.598244 0.6779379
5.250435 -1.597935 0.6657619000000001
5.267103 -1.597895 0.6524031
5.283771 -1.597098 0.6394892999999999
5.300439 -1.596452 0.6272128
5.317108 -1.59579 0.6134856000000001
5.333776 -1.59458 0.5967925000000001
5.350444 -1.59358 0.583995
5.367112 -1.592698 0.571474
5.38378 -1.591684 0.557193
5.400448 -1.590982 0.5454739999999998
5.417116 -1.589885 0.5327630000000001
5.433784 -1.58952 0.524
5.450452 -1.58946 0.512596
5.46712 -1.589195 0.5022549999999999
5.483788 -1.588798 0.493487
5.500456 -1.58885 0.48670900000000006
5.517124 -1.590329 0.48082400000000014
5.533792 -1.590164 0.47505299999999995
5.55046 -1.591282 0.47150100000000017
5.567128 -1.592181 0.46928900000000007
5.583796 -1.593376 0.46614999999999984
5.600464 -1.59381 0.46317799999999987
5.617132 -1.595144 0.46292199999999983
5.6338 -1.596932 0.4630320000000001
5.650468 -1.598416 0.464785
5.667137 -1.599429 0.4653670000000001
5.683805 -1.601836 0.4684840000000001
5.700473 -1.603731 0.4691670000000001
5.717141 -1.604603 0.46971699999999994
5.733809 -1.606411 0.47079700000000013
5.750477 -1.606813 0.47102599999999994
5.767145 -1.607723 0.47153599999999996
5.783813 -1.608387 0.47111100000000006
5.800481 -1.609095 0.47225300000000003
5.817149 -1.608784 0.469703
5.833817 -1.608805 0.469522
5.850485 -1.60903 0.468588
5.867153 -1.609223 0.4674910000000001
5.883821 -1.608921 0.465128
5.900489 -1.60849 0.46232300000000004
5.917157 -1.608902 0.4619930000000001
5.933825 -1.609381 0.4622839999999999
5.950493 -1.609785 0.4617500000000001
5.967161 -1.609865 0.45990200000000003
5.983829 -1.610339 0.46157800000000004
6.000498 -1.610533 0.46088299999999993
6.017166 -1.611575 0.4629079999999999
6.033834 -1.612506 0.46405399999999997
6.050502 -1.612243 0.4629810000000001
6.06717 -1.612691 0.46361600000000003
6.083838 -1.612553 0.4623849999999998
6.100506 -1.612633 0.46249699999999994
6.117174 -1.612814 0.46235500000000007
6.133842 -1.612346 0.461125
6.15051 -1.612809 0.461244
6.167178 -1.613478 0.462483
6.183846 -1.613893 0.46344200000000013
6.200514 -1.614069 0.46379499999999996
6.217182 -1.614233 0.4639280000000001
6.23385 -1.614304 0.46401000000000003
6.250518 -1.614239 0.46363
6.267186 -1.61453 0.4636370000000001
6.283854 -1.614468 0.46335400000000004
6.300522 -1.61439 0.4625809999999999
6.31719 -1.61446 0.46231200000000006
6.333858 -1.61451 0.46187599999999995
6.350527 -1.61427 0.4609460000000001
6.367195 -1.614034 0.4608349999999999
6.383863 -1.614236 0.46041299999999996
6.400531 -1.614083 0.45948299999999986
6.417199 -1.614252 0.45973700000000006
6.433867 -1.614238 0.459724
6.450535 -1.614225 0.45938900000000005
6.467203 -1.614614 0.459384
6.483871 -1.615029 0.4598880000000001
6.500539 -1.615223 0.45969400000000005
6.517207 -1.615648 0.459638
6.533875 -1.615549 0.4587269999999999
6.550543 -1.615672 0.45851
6.567211 -1.615768 0.458715
6.583879 -1.616079 0.45856300000000005
6.600547 -1.615916 0.4574159999999998
6.617215 -1.616387 0.4569540000000001
6.633883 -1.617337 0.4583250000000001
6.650551 -1.617763 0.458634
6.667219 -1.618508 0.45959700000000003
6.683888 -1.618828 0.4598469999999999
6.700556 -1.618982 0.4593889999999998
6.717224 -1.618788 0.457978
6.733892 -1.618876 0.4571099999999999
6.75056 -1.620068 0.45935800000000016
6.767228 -1.620317 0.45947800000000005
6.783896 -1.620479 0.458747
6.800564 -1.620703 0.4586429999999999
6.817232 -1.620768 0.4576340000000001
6.8339 -1.620807 0.45757000000000003
6.850568 -1.62089 0.45752799999999993
6.867236 -1.620618 0.4567119999999998
6.883904 -1.621114 0.4568319999999999
6.900572 -1.620216 0.45492200000000005
6.91724 -1.620342 0.45519299999999996
6.933908 -1.62033 0.45498400000000006
6.950576 -1.620061 0.454229
6.967244 -1.620142 0.45467199999999997
6.983912 -1.619559 0.4532449999999999
7.00058 -1.619331 0.453041
7.017248 -1.619206 0.4528159999999999
7.033917 -1.618938 0.45286000000000004
7.050585 -1.618392 0.451832
7.067253 -1.618083 0.45046799999999987
7.083921 -1.617742 0.4497610000000001
7.100589 -1.617524 0.45029399999999997
7.117257 -1.617117 0.44977899999999993
7.133925 -1.616641 0.44940500000000005
7.150593 -1.616752 0.44981000000000004
7.167261 -1.616024 0.4485739999999998
7.183929 -1.615721 0.44881799999999994
7.200597 -1.615291 0.4484730000000001
7.217265 -1.61479 0.448102
7.233933 -1.614186 0.44795699999999994
7.250601 -1.613619 0.45019699999999996
7.267269 -1.613065 0.45041700000000007
7.283937 -1.612154 0.451346
7.300605 -1.611253 0.4520010000000001
7.317273 -1.610106 0.453079
7.333941 -1.608729 0.45428100000000016
7.350609 -1.605461 0.45414200000000005
7.367278 -1.599928 0.45024200000000003
7.383946 -1.596759 0.451195
7.400614 -1.595327 0.45496199999999987
7.417282 -1.588212 0.44997200000000004
7.43395 -1.583323 0.45090300000000005
7.450618 -1.57654 0.44566700000000004
7.467286 -1.570999 0.442264
7.483954 -1.566767 0.446879
7.500622 -1.558977 0.441584
7.51729 -1.553225 0.4445760000000001
7.533958 -1.545573 0.4428590000000001
7.550626 -1.538091 0.44344800000000006
7.567294 -1.529591 0.44153
7.583962 -1.520792 0.439395
7.60063 -1.512155 0.43730099999999994
7.617298 -1.502652 0.438685
7.633966 -1.495839 0.4425459999999999
7.650634 -1.48287 0.439492
7.667302 -1.475548 0.44452100000000017
7.68397 -1.468088 0.4499710000000001
7.700638 -1.456386 0.447546
7.717307 -1.444292 0.44452479999999994
7.733975 -1.432974 0.4447287999999999
7.750643 -1.420342 0.4448145
7.767311 -1.410297 0.4467589999999999
7.783979 -1.397511 0.4480544999999999
7.800647 -1.384542 0.4480455
7.817315 -1.373942 0.4517415
7.833983 -1.362089 0.4547179000000001
7.850651 -1.344483 0.4487036000000001
7.867319 -1.332651 0.453823
7.883987 -1.317733 0.4533302
7.900655 -1.302209 0.45158279999999995
7.917323 -1.28907 0.45747059999999995
7.933991 -1.271904 0.4552156999999999
7.950659 -1.256861 0.45520740000000004
7.967327 -1.243408 0.46140420000000004
7.983995 -1.228584 0.4667813999999999
8.000663 -1.211639 0.46595989999999987
8.017331 -1.197481 0.4716137
8.033999 -1.180926 0.4723645999999999
8.050667 -1.165324 0.4760631000000001
8.067336 -1.149936 0.47778790000000004
8.084004 -1.13924 0.48938460000000006
8.100672 -1.119809 0.4856473
8.11734 -1.106765 0.4918091
8.134008 -1.090011 0.49004670000000006
8.150676 -1.077361 0.49601890000000004
8.167344 -1.062243 0.49757300000000004
8.184012 -1.045151 0.49582119999999996
8.20068 -1.032277 0.5024735999999999
8.217348 -1.015889 0.49987550000000003
8.234016 -1.002462 0.5048473
8.250684 -0.9887943 0.5070233
8.267352 -0.9731785 0.5068918
8.28402 -0.9568836 0.5048790999999999
8.300688 -0.9448282 0.5085976999999999
8.317356 -0.9261549 0.5032307
8.334024 -0.9116573 0.5026968
8.350692 -0.8964132 0.5035308000000001
8.36736 -0.8787348 0.49738430000000006
8.384028 -0.8634235 0.4954564
8.400697 -0.8488812 0.4976287
8.417365 -0.8315884 0.4936663
8.434033 -0.8145999 0.48865020000000003
8.450701 -0.7959296 0.4800765
8.467369 -0.7769084 0.47172990000000004
8.484037 -0.7619732 0.4717099
8.500705 -0.7489004 0.47565440000000003
8.517373 -0.7325155 0.47276
8.534041 -0.7157986 0.46892919999999993
8.550709 -0.6993446 0.4660258
8.567377 -0.6804113 0.4563847000000001
8.584045 -0.6631411 0.45033730000000005
8.600713 -0.6461547 0.4453505
8.617381 -0.6339909 0.4518978
8.634049 -0.6145778 0.44298799999999994
8.650717 -0.5976469 0.43845579999999995
8.667385 -0.5831055 0.43826390000000004
8.684053 -0.5697235 0.44042260000000005
8.700721 -0.5552801 0.44197030000000004
8.717389 -0.5376207 0.43658779999999997
8.734057 -0.5227285 0.43538612000000004
8.750726 -0.5074173 0.4360208
8.767394 -0.4899536 0.43035489
8.784062 -0.4727321 0.42539044
8.80073 -0.4570046 0.42647864999999996
8.817398 -0.4440849 0.42955177
8.834066 -0.4273622 0.42738617857000005
8.850734 -0.4110378 0.42588105
8.867402 -0.3912175 0.41527861
8.88407 -0.3774451 0.41985267
8.900738 -0.3614736 0.41990053
8.917406 -0.3457069 0.41811304
8.934074 -0.3298282 0.41777533
8.950742 -0.3123881 0.41460810000000003
8.96741 -0.2955266 0.4117915
8.984078 -0.2816848 0.4160361
9.000746 -0.2659527 0.4168448
9.017414 -0.2507361 0.41623050000000006
9.034082 -0.2322253 0.41000899999999996
9.05075 -0.2145241 0.4036047
9.067418 -0.198437 0.4020575
9.084087 -0.1830503 0.3995284
9.100755 -0.1655764 0.3898208
9.117423 -0.1492572 0.3829163
9.134091 -0.1349846 0.379571
9.150759 -0.1216743 0.3769448
9.167427 -0.1079521 0.3734755
9.184095 -0.09484659 0.36716669
9.200763 -0.07743607 0.35283816999999995
9.217431 -0.07121554 0.36045154
9.234099 -0.05923508 0.35439678
9.250767 -0.0482862 0.3490635
9.267435 -0.03843433 0.34554853
9.284103 -0.03030772 0.34521902
9.300771 -0.02064644 0.33947654
9.317439 -0.01175254 0.33672043999999995
9.334107 -0.00575525 0.33499365
9.350775 0.0005179865 0.3350649135
9.367443 0.007726507 0.331263393
9.384111 0.01407325 0.32754375
9.400779 0.02205384 0.32100986000000004
9.417447 0.02881654 0.31771286
9.434116 0.03515582 0.31284058
9.450784 0.03851996 0.31435034
9.467452 0.03949299 0.32010131
9.48412 0.04786107 0.31073673
9.500788 0.04899453 0.31504777
9.517456 0.05584066 0.30895404000000004
9.534124 0.06275234 0.30118896
9.550792 0.06357695 0.30600645000000004
9.56746 0.0661977 0.3073677
9.584128 0.06875124 0.30782566
9.600796 0.07413047 0.30177313
9.617464 0.07610038 0.30234152000000003
9.634132 0.07467087 0.30924133
9.6508 0.07543125 0.31081285
9.667468 0.07638604 0.31144236000000003
9.684136 0.07789534 0.31002916
9.700804 0.07586911 0.31598789
9.717472 0.07777803 0.31302507
9.73414 0.07946605 0.31036985
9.750808 0.0798453 0.3098206
9.767477 0.07981526 0.30990474
9.784145 0.08022578 0.30886862000000004
9.800813 0.08316354 0.30301266000000004
9.817481 0.08053905 0.30768245
9.834149 0.08050792 0.30636357999999997
9.850817 0.08066376 0.30404944
9.867485 0.08158463 0.30077697000000003
9.884153 0.08147111 0.29944389
9.900821 0.07997436 0.29915623999999996
9.917489 0.07668215 0.30205415
9.934157 0.07264549 0.30571301
9.950825 0.07135714 0.30334886
9.967493 0.06909867 0.30213193000000005
9.984161 0.0654739 0.30462310000000004
10.00083 0.06234652 0.30438898
10.0175 0.05810496 0.30566504
10.03417 0.05103727 0.31304493
10.05083 0.04684225 0.31207615
10.0675 0.04305022 0.30978908000000005
10.08417 0.03818287 0.30888873
10.10084 0.03006211 0.31485689
10.11751 0.0259707 0.31094849999999996
10.13417 0.01564906 0.31906034
10.15084 0.01077876 0.31414424
10.16751 0.002044417 0.318417083
10.18418 -0.005877568 0.319408668
10.20085 -0.01806396 0.32817986
10.21751 -0.0237814 0.3218238
10.23418 -0.03444248 0.32488848
10.25085 -0.04037537 0.31893957
10.26752 -0.04882023 0.31605133
10.28419 -0.06113218 0.32146998
10.30085 -0.07164485 0.32140765
10.31752 -0.08190006 0.32093696
10.33419 -0.09345305 0.32164725
10.35086 -0.103014 0.3202333
10.36753 -0.1164635 0.32422280000000003
10.38419 -0.1289438 0.3274032
10.40086 -0.1402611 0.32429450000000004
10.41753 -0.1539457 0.3289068
10.4342 -0.1672327 0.3311195
10.45087 -0.1805093 0.33299690000000004
10.46753 -0.1926757 0.3317291
10.4842 -0.2071597 0.3368428
10.50087 -0.2222141 0.3395975
10.51754 -0.2333264 0.3376194
10.53421 -0.2488479 0.34196809
10.55087 -0.2658437 0.34904784
10.56754 -0.2788867 0.34894523
10.58421 -0.2953308 0.35395089
10.60088 -0.3089952 0.3535358
10.61755 -0.3250216 0.35822750000000003
10.63422 -0.3399912 0.35964816
10.65088 -0.3556146 0.362488716
10.66755 -0.37324 0.369884146
10.68422 -0.3874701 0.36835226
10.70089 -0.403667 0.3743638
10.71756 -0.4184084 0.37259759000000003
10.73422 -0.4311736 0.36885318
10.75089 -0.4500966 0.37676058
10.76756 -0.46537 0.37709364
10.78423 -0.4835564 0.38521751
10.8009 -0.4997933 0.38780329999999996
10.81756 -0.5144166 0.38582459999999996
10.83423 -0.5328763 0.39185929999999997
10.8509 -0.5497208 0.39512800000000003
10.86757 -0.5637421 0.3921354
10.88424 -0.5805253 0.39638700000000004
10.9009 -0.59804 0.4017168
10.91757 -0.6150423 0.40472230000000003
10.93424 -0.6276609 0.40237259999999997
10.95091 -0.6453737 0.40770280000000003
10.96758 -0.6589079 0.40470659999999997
10.98424 -0.6739516 0.4076894
11.00091 -0.6875577 0.40730410000000006
11.01758 -0.7037137 0.4118193
11.03425 -0.7170802 0.41051239999999994
11.05092 -0.7306125 0.4074708
11.06758 -0.7455694 0.41113510000000003
11.08425 -0.7548253 0.4038411
11.10092 -0.771914 0.4127228
11.11759 -0.7825453 0.406929
11.13426 -0.7971275 0.4110116
11.15092 -0.8111658 0.41250490000000006
11.16759 -0.8241775 0.4132748
11.18426 -0.8365379 0.4129690999999999
11.20093 -0.8474923 0.4103832
11.2176 -0.8624137 0.4147758
11.23426 -0.8741451 0.4161731
11.25093 -0.8887218 0.4210685
11.2676 -0.9002325 0.4196819
11.28427 -0.9149883 0.4259203
11.30094 -0.9279623 0.4277512
11.31761 -0.9383016 0.42599129999999996
11.33427 -0.9499127 0.4249119
11.35094 -0.961992 0.426883
11.36761 -0.9757575 0.42958240000000003
11.38428 -0.9884702 0.4301596
11.40095 -1.003002 0.43565089999999995
11.41761 -1.012889 0.43220689999999995
11.43428 -1.028214 0.4401628999999999
11.45095 -1.039293 0.4381666000000001
11.46762 -1.049663 0.43648509999999996
11.48429 -1.063567 0.4416089999999999
11.50095 -1.075009 0.4410638000000001
11.51762 -1.085582 0.4422404000000001
11.53429 -1.097674 0.4469542000000001
11.55096 -1.106481 0.44342800000000004
11.56763 -1.118602 0.4489143000000001
11.58429 -1.128402 0.4501055999999999
11.60096 -1.137792 0.4495467999999999
11.61763 -1.147451 0.4512792
11.6343 -1.156568 0.45372180000000006
11.65097 -1.166709 0.4555779
11.66763 -1.176442 0.4583979
11.6843 -1.183133 0.4560271
11.70097 -1.191706 0.45684519999999995
11.71764 -1.202832 0.46245099999999995
11.73431 -1.213367 0.46644530000000006
11.75097 -1.222548 0.46763239999999995
11.76764 -1.228095 0.462626
11.78431 -1.239709 0.46780489999999997
11.80098 -1.246927 0.4679167999999999
11.81765 -1.25265 0.4626831
11.83431 -1.265792 0.4698958
11.85098 -1.277105 0.4751466999999999
11.86765 -1.288529 0.4808418
11.88432 -1.293929 0.4732955000000001
11.90099 -1.302897 0.4743900999999999
11.91765 -1.312057 0.4746711
11.93432 -1.322217 0.4806532
11.95099 -1.329479 0.47449890000000006
11.96766 -1.342221 0.48334940000000015
11.98433 -1.348574 0.47779609999999995
12.001 -1.36018 0.4841671999999999
12.01766 -1.368655 0.4807091
12.03433 -1.380539 0.48555249999999994
12.051 -1.390649 0.48606590000000005
12.06767 -1.404439 0.49335039999999997
12.08434 -1.415522 0.4946824999999999
12.101 -1.42407 0.49043669999999995
12.11767 -1.435953 0.49449560000000004
12.13434 -1.441315 0.48335969999999995
12.15101 -1.454318 0.48721570000000003
12.16768 -1.464638 0.4889266000000001
12.18434 -1.474631 0.4898625
12.20101 -1.483427 0.48852170000000006
12.21768 -1.496215 0.49495
12.23435 -1.504954 0.49414499999999983
12.25102 -1.515641 0.4960310000000001
12.26768 -1.528292 0.50637
12.28435 -1.53691 0.5010969999999999
12.30102 -1.547965 0.5073830000000001
12.31769 -1.559748 0.513261
12.33436 -1.568074 0.5116209999999999
12.35102 -1.575133 0.5081609999999999
12.36769 -1.582895 0.5088139999999999
12.38436 -1.593579 0.5113960000000002
12.40103 -1.599825 0.5091650000000001
12.4177 -1.611306 0.515652
12.43436 -1.619225 0.5167439999999999
12.45103 -1.624264 0.515145
12.4677 -1.627677 0.509074
12.48437 -1.633958 0.5083310000000001
12.50104 -1.638683 0.5058459999999998
12.5177 -1.640958 0.5012599999999998
12.53437 -1.642497 0.4932150000000002
12.55104 -1.646031 0.49266500000000013
12.56771 -1.64829 0.49130699999999994
12.58438 -1.648457 0.48573100000000013
12.60104 -1.650031 0.481371
12.61771 -1.649886 0.480564
12.63438 -1.650334 0.47744600000000004
12.65105 -1.651094 0.478005
12.66772 -1.651487 0.4782759999999999
12.68439 -1.65337 0.482205
12.70105 -1.652948 0.481047
12.71772 -1.65368 0.48191800000000007
12.73439 -1.653168 0.48056699999999997
12.75106 -1.652704 0.47955799999999993
12.76773 -1.652931 0.4798849999999999
12.78439 -1.652532 0.4794999999999998
12.80106 -1.653101 0.47971600000000003
12.81773 -1.65246 0.4792240000000001
12.8344 -1.652527 0.4794860000000001
12.85107 -1.652331 0.4787950000000001
12.86773 -1.65207 0.47813899999999987
12.8844 -1.651871 0.4772850000000002
12.90107 -1.652029 0.47645899999999997
12.91774 -1.652347 0.4754529999999999
12.93441 -1.652357 0.474313
12.95107 -1.652608 0.4736560000000001
12.96774 -1.652759 0.4730160000000001
12.98441 -1.653804 0.47318300000000013
13.00108 -1.653957 0.47229199999999993
13.01775 -1.653989 0.47157499999999986
13.03441 -1.655203 0.4729110000000001
13.05108 -1.655588 0.47271799999999997
13.06775 -1.656009 0.472815
13.08442 -1.657168 0.47452000000000005
13.10109 -1.658322 0.47583
13.11775 -1.659584 0.47780199999999984
13.13442 -1.660237 0.47864299999999993
13.15109 -1.661556 0.480537
13.16776 -1.662186 0.48101499999999997
13.18443 -1.66241 0.4815719999999999
13.20109 -1.663248 0.483511
13.21776 -1.662793 0.48273299999999986
13.23443 -1.662662 0.4824360000000001
13.2511 -1.66241 0.48212599999999983
13.26777 -1.662102 0.483058
13.28443 -1.662156 0.4839009999999999
13.3011 -1.662133 0.485614
13.31777 -1.662124 0.4882409999999999
13.33444 -1.662028 0.4931970000000001
13.35111 -1.661918 0.49602999999999997
13.36778 -1.661995 0.5007529999999998
13.38444 -1.661624 0.5049919999999999
13.40111 -1.660639 0.5079899999999999
13.41778 -1.657872 0.508114
13.43445 -1.657727 0.513102
13.45112 -1.656702 0.517334
13.46778 -1.655991 0.5209729999999999
13.48445 -1.655357 0.5266899999999999
13.50112 -1.654876 0.5326770000000001
13.51779 -1.653605 0.536467
13.53446 -1.652692 0.539102
13.55112 -1.65146 0.545779
13.56779 -1.649826 0.548711
13.58446 -1.647908 0.5512549999999998
13.60113 -1.646394 0.5575089999999998
13.6178 -1.644533 0.560494
13.63446 -1.642697 0.567215
13.65113 -1.640556 0.5739489999999998
13.6678 -1.640246 0.58325
13.68447 -1.638156 0.5900639999999999
13.70114 -1.633666 0.5945210000000001
13.7178 -1.627381 0.597397
13.73447 -1.622876 0.599979
13.75114 -1.618472 0.606854
13.76781 -1.611011 0.6088309999999999
13.78448 -1.603964 0.6125794
13.80114 -1.595542 0.6154439
13.81781 -1.585942 0.6177965
13.83448 -1.575048 0.6169835
13.85115 -1.564257 0.6194057000000001
13.86782 -1.551522 0.6190461
13.88448 -1.539214 0.6182356000000001
13.90115 -1.525922 0.6164451
13.91782 -1.511906 0.6160706
13.93449 -1.500318 0.6188941
13.95116 -1.485676 0.6129738
13.96782 -1.473131 0.616691
13.98449 -1.459747 0.6194677
14.00116 -1.443326 0.6162298000000002
14.01783 -1.43051 0.6195411999999999
14.0345 -1.414552 0.617079
14.05117 -1.399893 0.6188353000000001
14.06783 -1.38403 0.6138962000000001
14.0845 -1.369393 0.6130140000000001
14.10117 -1.354922 0.6148743
14.11784 -1.339538 0.6151541999999999
14.13451 -1.325933 0.6171150000000001
14.15117 -1.309404 0.6151558
14.16784 -1.294098 0.6165809
14.18451 -1.277064 0.6138728
14.20118 -1.264399 0.6211044
14.21785 -1.244784 0.6154673999999999
14.23451 -1.229911 0.617974
14.25118 -1.214219 0.6222871
14.26785 -1.199915 0.6251284
14.28452 -1.187544 0.6350655999999999
14.30119 -1.169657 0.6343945
14.31785 -1.150921 0.6338009000000001
14.33452 -1.136782 0.6431711
14.35119 -1.123821 0.6520649999999999
14.36786 -1.10733 0.6501283
14.38453 -1.09094 0.6527628000000001
14.40119 -1.078859 0.6647959999999999
14.41786 -1.063172 0.6676345
14.43453 -1.046129 0.6703570000000001
14.4512 -1.033272 0.6795689
14.46787 -1.01802 0.6856717999999999
14.48453 -0.9998151 0.6834066
14.5012 -0.9875435 0.6963287
14.51787 -0.9709564 0.7012988
14.53454 -0.9549861 0.7067570999999999
14.55121 -0.9387725 0.7136374
14.56787 -0.9216643 0.7189778
14.58454 -0.9078134 0.7331342
14.60121 -0.8891382 0.7381371
14.61788 -0.8689787 0.7374863
14.63455 -0.8506725 0.7412526
14.65121 -0.8305914 0.74749373
14.66788 -0.811463 0.75235721
14.68455 -0.7936952 0.76344734
14.70122 -0.7732473 0.767429091
14.71789 -0.7554139 0.7786923299999999
14.73456 -0.7347331 0.7821672900000001
14.75122 -0.7155005 0.7902646099999999
14.76789 -0.6960905 0.7977905
14.78456 -0.6768804 0.806513
14.80123 -0.6579857 0.8137859000000001
14.8179 -0.6398062 0.8251803
14.83456 -0.6174993 0.8280154
14.85123 -0.5974129 0.8364471
14.8679 -0.5740589 0.8333721000000001
14.88457 -0.556536 0.8479882000000001
14.90124 -0.5383589 0.8570925
14.9179 -0.5183221 0.8638731
14.93457 -0.498485 0.8699577000000001
14.95124 -0.4843707 0.8868659
14.96791 -0.4672267 0.8982714
14.98458 -0.4487863 0.9062703000000001
15.00124 -0.4318373 0.9176443
15.01791 -0.4131475 0.9254722
15.03458 -0.3979254 0.9380979
15.05125 -0.3864652 0.9595560000000001
15.06792 -0.3690635 0.9668259
15.08458 -0.3562111 0.9797767000000001
15.10125 -0.338821 0.9892672
15.11792 -0.3251039 1.0033252
15.13459 -0.3133822 1.0204176
15.15126 -0.2989776 1.0313754
15.16792 -0.2859372 1.0424406
15.18459 -0.274087 1.0572461
15.20126 -0.2586063 1.0644234
15.21793 -0.2472255 1.0824
15.2346 -0.2329938 1.088744
15.25126 -0.2207902 1.0999638
15.26793 -0.2089988 1.106307
15.2846 -0.1963995 1.1154818
15.30127 -0.181358 1.1174338
15.31794 -0.1669967 1.1209129
15.3346 -0.1586788 1.1387654
15.35127 -0.1463793 1.1463565
15.36794 -0.1373892 1.1606282
15.38461 -0.12531 1.167726
15.40128 -0.1118245 1.1710485
15.41794 -0.106385 1.192971
15.43461 -0.09230001 1.18954401
15.45128 -0.08474013 1.20688613
15.46795 -0.07584906 1.2166990599999998
15.48462 -0.06531503 1.22485303
15.50129 -0.05732867 1.23427267
15.51795 -0.04812379 1.24143679
15.53462 -0.04077897 1.25046597
15.55129 -0.03520358 1.2677525799999998
15.56796 -0.027732 1.277992
15.58463 -0.01892622 1.28540022
15.60129 -0.01316822 1.30170122
15.61796 -0.0008672767 1.3021012767
15.63463 0.003426267 1.319198733
15.6513 0.01253347 1.32735753
15.66797 0.02210843 1.33347457
15.68463 0.03069563 1.34219237
15.7013 0.03933561 1.35261039
15.71797 0.04803534 1.3583376600000001
15.73464 0.05976018 1.36351782
15.75131 0.06672146 1.37574754
15.76797 0.07502611 1.38556189
15.78464 0.08701933 1.38560467
15.80131 0.09216131 1.4002096899999998
15.81798 0.1023308 1.4015022
15.83465 0.1102429 1.4081641
15.85131 0.1172411 1.4156849
15.86798 0.1247063 1.4230677
15.88465 0.130352 1.432162
15.90132 0.1378032 1.4400778
15.91799 0.144849 1.444763
15.93465 0.1504593 1.4507546999999998
15.95132 0.156377 1.457791
15.96799 0.1609126 1.4658734
15.98466 0.1682482 1.4734418
16.00133 0.173288 1.4787789999999998
16.01799 0.1781613 1.4875137
16.03466 0.1842334 1.4894546000000002
16.05133 0.1900429 1.4920941
16.068 0.1957147 1.4962833
16.08467 0.2003017 1.5055783
16.10133 0.2051146 1.5085044
16.118 0.2100704 1.5113066
16.13467 0.2165533 1.5076117
16.15134 0.2197109 1.5147671
16.16801 0.2235989 1.5162141
16.18468 0.228666 1.515599
16.20134 0.2320201 1.5180409000000001
16.21801 0.2349197 1.5198003
16.23468 0.2362633 1.5205227
16.25135 0.2373702 1.5248928
16.26802 0.2397037 1.5236963000000001
16.28468 0.2404402 1.5249498
16.30135 0.2409577 1.5260342999999998
16.31802 0.2412862 1.5270938
16.33469 0.2412423 1.5297107
16.35136 0.2407241 1.5308679
16.36802 0.2406542 1.5309388
16.38469 0.2406719 1.5286381
16.40136 0.2395949 1.5321721000000001
16.41803 0.2393928 1.5306651999999998
16.4347 0.2388996 1.5306134
16.45136 0.238313 1.531789
16.46803 0.2383323 1.5304857
16.4847 0.2368605 1.5277595000000002
16.50137 0.2349042 1.5258588
16.51804 0.2333887 1.5235083
16.5347 0.2318651 1.5190698999999999
16.55137 0.2285518 1.5203072
16.56804 0.225175 1.5187890000000002
16.58471 0.2233557 1.5153093
16.60138 0.2207189 1.5091360999999999
16.61804 0.2141895 1.5161185
16.63471 0.210787 1.512364
16.65138 0.203732 1.514356
16.66805 0.197279 1.510852
16.68472 0.1888076 1.5108313999999998
16.70138 0.181175 1.512313
16.71805 0.1704534 1.5171476
16.73472 0.1633362 1.5094248
16.75139 0.1543296 1.5091784
16.76806 0.1427227 1.5097503
16.78472 0.1314563 1.5084447
16.80139 0.1232227 1.5040283
16.81806 0.1114591 1.5028539
16.83473 0.1003308 1.5001052
16.8514 0.08900527 1.4958257300000002
16.86807 0.07873796 1.48985804
16.88473 0.06858581 1.48428419
16.9014 0.05896772 1.47818428
16.91807 0.04466563 1.4773173700000002
16.93474 0.03660445 1.46122655
16.95141 0.02273959 1.45841341
16.96807 0.008937784 1.458829216
16.98474 -0.003997568 1.449283568
17.00141 -0.02258326 1.45356026
17.01808 -0.03435444 1.44303744
17.03475 -0.04918765 1.43871565
17.05141 -0.06073452 1.42893452
17.06808 -0.07219882 1.4175598200000001
17.08475 -0.08852113 1.4173381299999999
17.10142 -0.1037617 1.4126177
17.11809 -0.118196 1.408011
17.13475 -0.1348785 1.4095965000000001
17.15142 -0.1479618 1.4007908
17.16809 -0.1620266 1.3954335999999998
17.18476 -0.1780088 1.3971098
17.20143 -0.1917067 1.3860787
17.21809 -0.2049987 1.3753117
17.23476 -0.2198628 1.3692268
17.25143 -0.2353861 1.3665821
17.2681 -0.2499289 1.3628989
17.28477 -0.2665061 1.3588271
17.30143 -0.2842969 1.3547539
17.3181 -0.2982302 1.3434072000000001
17.33477 -0.3150663 1.3424973
17.35144 -0.3288275 1.3339165
17.36811 -0.3475595 1.3340979000000002
17.38477 -0.3612735 1.3232351
17.40144 -0.3826361 1.3281954
17.41811 -0.3942354 1.3102395
17.43478 -0.4110213 1.3051215999999999
17.45145 -0.4253094 1.2945972000000001
17.46811 -0.4412566 1.2915209
17.48478 -0.4588928 1.2857596999999998
17.50145 -0.473835 1.2764973
17.51812 -0.4908212 1.273632
17.53479 -0.5036957 1.2648935
17.55146 -0.5213803 1.2634807000000001
17.56812 -0.5391098 1.2644739
17.58479 -0.5543422 1.259433
17.60146 -0.5718749 1.2586678
17.61813 -0.5867155 1.2532534
17.6348 -0.6022352 1.2492393
17.65146 -0.6177662 1.2485907
17.66813 -0.6352478 1.252772
17.6848 -0.6510409 1.2507000000000001
17.70147 -0.6670711 1.2477856
17.71814 -0.685604 1.2602901
17.7348 -0.7032853 1.2648264999999999
17.75147 -0.7188441 1.2662792
17.76814 -0.7319637 1.2610605000000001
17.78481 -0.7447144 1.2506165999999999
17.80148 -0.7640865 1.2680682
17.81814 -0.7729029 1.2478798
17.83481 -0.7862223 1.248913
17.85148 -0.8094418 1.2683138999999999
17.86815 -0.8198116 1.2516473
17.88482 -0.8342784 1.2493989
17.90148 -0.8470019 1.2477091
17.91815 -0.8603759 1.2427391
17.93482 -0.8717057 1.2420387000000002
17.95149 -0.8861185 1.2388458
17.96816 -0.8992029 1.2332998
17.98482 -0.9139593 1.2357146
18.00149 -0.9276326 1.2327357
18.01816 -0.9360516 1.2184756
18.03483 -0.9485318 1.2126999
18.0515 -0.9631532 1.2099018000000001
18.06816 -0.9753869 1.2028777
18.08483 -0.9894533 1.1971166
18.1015 -1.002522 1.1912836999999998
18.11817 -1.014089 1.1838282
18.13484 -1.027071 1.1726184000000002
18.1515 -1.038317 1.1644188
18.16817 -1.054662 1.161945
18.18484 -1.065063 1.14956655
18.20151 -1.079894 1.1452027
18.21818 -1.091634 1.13681239
18.23485 -1.103838 1.12197126
18.25151 -1.114363 1.108374994
18.26818 -1.128404 1.1046111
18.28485 -1.139883 1.08850875
18.30152 -1.151067 1.07239674
18.31819 -1.163205 1.0610169
18.33485 -1.174428 1.0441325
18.35152 -1.184465 1.0272398
18.36819 -1.198267 1.0196141
18.38486 -1.207739 1.0028799999999998
18.40153 -1.218977 0.9842687
18.41819 -1.228002 0.9667877
18.43486 -1.236514 0.9481900999999999
18.45153 -1.245511 0.9300514
18.4682 -1.253921 0.9160012000000001
18.48487 -1.263657 0.8990948000000001
18.50153 -1.27211 0.8808482000000001
18.5182 -1.281474 0.8685012000000001
18.53487 -1.287951 0.8506173000000001
18.55154 -1.295162 0.8333294
18.56821 -1.302235 0.8168208
18.58487 -1.310461 0.8045622000000001
18.60154 -1.316725 0.7893798
18.61821 -1.321249 0.7696497999999999
18.63488 -1.330651 0.7617274
18.65155 -1.337292 0.7482165999999999
18.66821 -1.343087 0.7339853999999999
18.68488 -1.348281 0.7234109000000001
18.70155 -1.356013 0.7138868999999999
18.71822 -1.35812 0.6965623
18.73489 -1.361106 0.6832292999999999
18.75155 -1.37021 0.6822008999999999
18.76822 -1.374799 0.6716679000000001
18.78489 -1.377095 0.6575694
18.80156 -1.383748 0.6518611
18.81823 -1.386065 0.6362761000000001
18.83489 -1.389449 0.6247022999999999
18.85156 -1.391544 0.6131986999999999
18.86823 -1.396212 0.6011211
18.8849 -1.401984 0.5966748
18.90157 -1.405572 0.5845830000000001
18.91824 -1.411558 0.5812045000000001
18.9349 -1.416559 0.5742432
18.95157 -1.423338 0.571698
18.96824 -1.4267 0.5619408000000001
18.98491 -1.43439 0.5612579000000001
19.00158 -1.436962 0.5493579000000001
19.01824 -1.442108 0.5448343999999999
19.03491 -1.446891 0.5375891999999999
19.05158 -1.453175 0.5351480000000001
19.06825 -1.45721 0.5260970999999999
19.08492 -1.462196 0.5214091000000001
19.10158 -1.46705 0.5150994999999999
19.11825 -1.468888 0.5045795
19.13492 -1.471142 0.49240339999999994
19.15159 -1.474558 0.4874062
19.16826 -1.478749 0.48023210000000005
19.18492 -1.483713 0.47331500000000015
19.20159 -1.487439 0.466877
19.21826 -1.492073 0.460666
19.23493 -1.500223 0.4593010000000002
19.2516 -1.504223 0.453797
19.26826 -1.51138 0.45537000000000005
19.28493 -1.519519 0.4574340000000001
19.3016 -1.526535 0.4556149999999999
19.31827 -1.535552 0.46350500000000006
19.33494 -1.541818 0.4590509999999999
19.3516 -1.550555 0.463816
19.36827 -1.557251 0.46365499999999993
19.38494 -1.564608 0.4659009999999999
19.40161 -1.56792 0.45918499999999995
19.41828 -1.576339 0.4652989999999999
19.43494 -1.580524 0.46285
19.45161 -1.586606 0.4628539999999999
19.46828 -1.590752 0.45997299999999997
19.48495 -1.599925 0.46893399999999996
19.50162 -1.605198 0.4734339999999999
19.51828 -1.60804 0.46977499999999983
19.53495 -1.610884 0.4691890000000001
19.55162 -1.616099 0.4723709999999999
19.56829 -1.618011 0.4709920000000001
19.58496 -1.624841 0.48052800000000007
19.60163 -1.626454 0.48022200000000015
19.61829 -1.627134 0.47912200000000005
19.63496 -1.628489 0.4782930000000001
19.65163 -1.630487 0.4815020000000001
19.6683 -1.631481 0.4822679999999999
19.68497 -1.63228 0.48331599999999986
19.70163 -1.633301 0.4842709999999999
19.7183 -1.633575 0.4848239999999999
19.73497 -1.634354 0.4863200000000001
19.75164 -1.635029 0.48816000000000015
19.76831 -1.634911 0.48802600000000007
19.78497 -1.636598 0.49134199999999995
19.80164 -1.636539 0.49256999999999995
19.81831 -1.636983 0.4962120000000001
19.83498 -1.636717 0.496837
19.85165 -1.636664 0.4975949999999998
19.86831 -1.636917 0.49906399999999995
19.88498 -1.637114 0.502095
19.90165 -1.63703 0.505058
19.91832 -1.637592 0.5074289999999999
19.93499 -1.636626 0.506602
19.95165 -1.63721 0.508761
19.96832 -1.636727 0.5091220000000001
19.98499 -1.636882 0.510686
20.00166 -1.636886 0.510599
20.01833 -1.636713 0.510893
20.03499 -1.636444 0.511228
20.05166 -1.636254 0.5109790000000001
20.06833 -1.636723 0.5114989999999999
20.085 -1.636285 0.51064
20.10167 -1.636212 0.510597
